0.0 0.0006246093069414667 0.013519925672264604 0.0009217927387301738 0.0008718974082365962
0.054285714285697395 0.000631442081699041 0.013725187773016992 0.0009368890022580659 0.0008856775599565886
0.10857142857139479 0.0006383875671047413 0.013935612867530053 0.0009524019655290366 0.0008998256132206212
0.16285714285709219 0.0006454482552074138 0.014151376524133688 0.0009683483484453812 0.000914355923384212
0.21714285714290327 0.0006526267073831014 0.01437268347049564 0.0009847457621360682 0.0009292835946314481
0.27142857142860066 0.0006599255567946395 0.01459973782925334 0.0010016127688668192 0.0009446245292995783
0.32571428571429806 0.000667347510083002 0.01483276368788206 0.0010189689461715164 0.0009603954809910383
0.37999999999999545 0.0006748953507807672 0.015071965624397398 0.0010368349565908215 0.0009766141119939573
0.43428571428569285 0.000682571941397964 0.015317588786050426 0.0010552326228116609 0.0009932990554355138
0.48857142857139024 0.0006903802262029409 0.015569880333212792 0.0010741850094693381 0.0010104699824908887
0.5428571428570876 0.0006983232341623403 0.01582909985848679 0.0010937165115780714 0.0010281476752960457
0.5971428571428987 0.000706404081875512 0.016095520160641127 0.0011138529507330333 0.001046354106079371
0.6514285714285961 0.0007146259763444795 0.016369438340426246 0.0011346216794712173 0.0010651125229609664
0.7057142857142935 0.0007229922184718224 0.016651136032740363 0.0011560516951531182 0.0010844475434828795
0.7599999999999909 0.0007315062064533219 0.01694094069038434 0.001178173762105155 0.0011043852561358632
0.8142857142856883 0.0007401714387515021 0.017239196858029007 0.0012010205545111396 0.0011249533312707742
0.8685714285713857 0.0007489915181442091 0.017546237316060823 0.0012246267883968347 0.0011461811419007323
0.9228571428571968 0.0007579701552512996 0.017862443322441107 0.001249029398393075 0.0011680998959540162
0.9771428571428942 0.0007671111724859539 0.01818821710774269 0.0012742677063363474 0.001190742780440117
1.0314285714285916 0.0007764185081216953 0.018523952571657662 0.0013003836162767287 0.0012141451199036452
1.085714285714289 0.0007858962205150166 0.018870096593663982 0.001327421826681665 0.0012383445498673406
1.1399999999999864 0.0007955484925692753 0.019227111125736197 0.0013554300635799843 0.001263381207345049
1.1942857142856838 0.0008053796362512297 0.019595484698981563 0.0013844593370642587 0.0012892979404204078
1.2485714285713811 0.0008153940974088681 0.01997573425265005 0.0014145642239969795 0.0013161405389439653
1.3028571428571922 0.0008255964611746515 0.020368407139568737 0.0014458031798503662 0.0013439579891272296
1.3571428571428896 0.0008359914563928033 0.020774093613726535 0.0014782388832996199 0.001372802754558162
1.411428571428587 0.0008465839619112143 0.021193388275117513 0.0015119386177052697 0.0014027310872954358
1.4657142857142844 0.0008573790118968648 0.02162695328734892 0.0015469746937389138 0.0014338033723688063
1.5199999999999818 0.0008683818018521595 0.02207548104923338 0.001583424918811321 0.0014660845104470352
1.5742857142856792 0.0008795976949371366 0.02253970706349893 0.001621373118641786 0.0014996443428982517
1.6285714285713766 0.0008910322283879825 0.023020413131846423 0.0016609097192394181 0.0015345581256149023
1.6828571428571877 0.0009026911205287069 0.023518430818033547 0.00170213239471528 0.0015709070574306087
1.737142857142885 0.0009145802776752087 0.02403465545413538 0.0017451467930094805 0.0016087788709640064
1.7914285714285825 0.0009267058018183641 0.02457000960018414 0.0017900673476004304 0.0016482684943478784
1.8457142857142799 0.0009390739983059727 0.025125507730978977 0.0018370181887634983 0.001689478793912183
1.8999999999999773 0.0009516913840715348 0.025702221211105672 0.0018861341677206904 0.00173252140938858
1.9542857142856747 0.0009645646962922668 0.026301293310546304 0.001937562010587461 0.0017775176951562467
2.008571428571372 0.0009777009012159495 0.026923944797605175 0.0019914616207513474 0.0018245997835296232
2.062857142857183 0.0009911072037369717 0.027571479992589947 0.0020480075524099916 0.0018739117882558445
2.1171428571428805 0.0010047910571144441 0.028245293314111925 0.0021073906809364845 0.0019256111696701764
2.171428571428578 0.0010187601734456193 0.028946886698592522 0.0021698201011310825 0.00197987028959842
2.2257142857142753 0.0010330225344493055 0.029677836309495883 0.002235525289117542 0.002036878181263295
2.2799999999999727 0.0010475864029248618 0.03043986155921307 0.002304758570894688 0.002096842575660104
2.33428571428567 0.0010624603345427543 0.031234793850410676 0.002377803246426329 0.0021599922233418293
2.388571428571481 0.0010776531906124913 0.03206459603644689 0.002454956123750698 0.0022265795639997616
2.4428571428571786 0.0010931741510893588 0.03293137262116897 0.0025365616377547376 0.002296888985205482
2.497142857142876 0.0011090327285566202 0.03383738064717596 0.00262299901568168 0.0023712201504604282
2.5514285714285734 0.001125238782680517 0.03478504127163158 0.0027146815777151197 0.00244992180051767
2.6057142857142708 0.0011418025355075672 0.03577696210466576 0.002812077964336783 0.002533379846032392
2.659999999999968 0.0011587345877654039 0.03681591006741868 0.0029157087878091533 0.002622017404012225
2.7142857142856656 0.001176045935516969 0.037904884205811396 0.003026159545623264 0.002716316490947057
2.7685714285714766 0.0011937479885476146 0.03904709026626907 0.003144079702557627 0.00281681591399133
2.822857142857174 0.001211852587149777 0.04024596445467308 0.0032702110346307265 0.0029241228197993793
2.8771428571428714 0.0012303720258346994 0.041505187446357006 0.0034053801183052705 0.003038926264897733
2.931428571428569 0.001249319070215117 0.0428286980109491 0.003550531271184917 0.0031620021030832448
2.9857142857142662 0.001268706980983717 0.044220705763603846 0.003706736979289885 0.0032942337391573765
3.0399999999999636 0.0012885495365789056 0.045685702405505596 0.0038752115561192695 0.0034366354620511417
3.094285714285661 0.0013088610578332908 0.047228470610681715 0.004057351508821053 0.003590367552820089
3.148571428571472 0.0013296564336059832 0.04885409977434196 0.004254756546297887 0.003756768353161818
3.2028571428571695 0.001350951148024126 0.05056794581639754 0.004469268906501022 0.00393737717418462
3.257142857142867 0.001372761309361445 0.05237568577056406 0.0047030207423190565 0.004133989518394485
3.3114285714285643 0.0013951036804643634 0.054283262937296115 0.004958478260226581 0.00434869731575515
3.3657142857142617 0.001417995710759002 0.056296870362108585 0.005238523006176001 0.004583953015637357
3.419999999999959 0.0014414555704260583 0.05842290943371698 0.0055465234251801145 0.004842646549924187
3.47428571428577 0.001465502186327612 0.06066792942275123 0.005886439680950275 0.00512820452467571
3.5285714285714675 0.0014901552801404973 0.06303854310383374 0.006262937110024518 0.005444701691180498
3.582857142857165 0.0015154354087674605 0.06554131280388706 0.006681553108590769 0.005797030780440768
3.6371428571428623 0.0015413640068502406 0.06818260046562781 0.007148877288672396 0.00619109065166862
3.6914285714285597 0.0015679634327320352 0.0709683746981971 0.007672792081926246 0.006634043527709495
3.745714285714257 0.0015952570158348806 0.07390396752427536 0.00826275532193089 0.007134647926881207
3.7999999999999545 0.0016232691082890467 0.07699377376364827 0.008930183058344417 0.007703679906269461
3.8542857142857656 0.001652025138858894 0.08024088723631909 0.009688881965915925 0.008354513407083354
3.908571428571463 0.001681551670684429 0.08364667039234822 0.010555626325946725 0.00910385834100516
3.9628571428571604 0.0017118764621733605 0.08721025837255748 0.011550816397904486 0.00997275628283572
4.017142857142858 0.0017430285334646188 0.09092800521192412 0.012699304313328334 0.010987887438270456
4.071428571428555 0.0017750382330212662 0.09479288953165253 0.014031312812138456 0.012183332101853751
4.125714285714253 0.0018079373143413445 0.09879390987441526 0.015583433922158654 0.013602867430506654
4.17999999999995 0.001841759012621313 0.1029155155942475 0.017399554992209746 0.015302944060936761
4.234285714285761 0.0018765381295380863 0.10713713694028047 0.019531412475640886 0.017356416249741026
4.2885714285714585 0.0019123111219794028 0.11143289544365251 0.022038176786470853 0.01985684790400144
4.342857142857156 0.0019491161976892366 0.11577158931590181 0.024983976601876904 0.0229226018557074
4.397142857142853 0.001986993417004799 0.12011705322096812 0.028431522560424874 0.026698455155816817
4.451428571428551 0.0020259848016323206 0.12442898157860284 0.03242906515383145 0.03134918553794481
4.505714285714248 0.002066134450844871 0.12866427402810537 0.03698731322686521 0.03703325533852903
4.559999999999945 0.002107488666095969 0.13277890791685912 0.0420440720517585 0.04383500621135876
4.6142857142857565 0.0021500960840250155 0.1367302677953221 0.04741998181868157 0.05162726068480416
4.668571428571454 0.0021940078191667518 0.14047977501100453 0.05278163282726032 0.059860584320539284
4.722857142857151 0.002239277616911684 0.14399557780348318 0.05764553869048756 0.06738478128428507
4.777142857142849 0.0022859620175513136 0.14725500466953817 0.06146034817451899 0.07259111625959754
4.831428571428546 0.002334120532326309 0.15024647067378938 0.0637683509023304 0.07411824461310455
4.8857142857142435 0.0023838158327746167 0.15297056934273184 0.06437547858470614 0.07173228818099714
4.940000000000055 0.0024351139537983923 0.15544017912657934 0.06342180219695724 0.06647565535062157
4.994285714285752 0.002488084512700641 0.15767954554711025 0.06130640390569561 0.05992496969208674
5.048571428571449 0.002542800944646031 0.15972243913709766 0.058527956718282564 0.05338576120885642
5.102857142857147 0.002599340756464248 0.16160960541478314 0.05554179143588742 0.047602063724312554
5.157142857142844 0.0026577858003885286 0.16338579316418286 0.05268758627292222 0.04285994969845036
5.2114285714285415 0.0027182225693537154 0.1650966633715191 0.0501813741656866 0.03918722675636072
5.265714285714239 0.0027807425161370213 0.1667858494675054 0.04814081121686297 0.03650403784983751
5.32000000000005 0.002845442398239978 0.16849237688944674 0.04661783333900368 0.03470629063021362
5.374285714285747 0.0029124246510552525 0.17024857683146308 0.04562594851756037 0.03370387692739792
5.428571428571445 0.0029817977920995656 0.17207856264961138 0.045158786681929006 0.0334352083450948
5.482857142857142 0.003053676859017309 0.17399728853929425 0.04520071724772127 0.03387102831300916
5.53714285714284 0.0031281838849704204 0.1760101814100922 0.04573137106025071 0.035013629748546264
5.591428571428537 0.0032054484147288555 0.1781133248583665 0.04672565161437927 0.03689329260190632
5.645714285714234 0.0032856080660097083 0.18029417087672248 0.048150331848952704 0.03956072725414664
5.7000000000000455 0.0033688091384692625 0.18253275126188886 0.049958083944373156 0.04307140928962779
5.754285714285743 0.0034552072853704895 0.18480334854619526 0.052080004752874956 0.047454475498821716
5.80857142857144 0.0035449682260850694 0.18707656074493867 0.05441846513191559 0.052656724243093915
5.862857142857138 0.0036382685503794717 0.18932165528562347 0.05684327692607949 0.058457013701672174
5.917142857142835 0.00373529657704807 0.19150906077725338 0.05919511400026193 0.0643701302220455
5.9714285714285325 0.003836253301766667 0.1936128013549718 0.061299652080955405 0.0696105489786051
6.02571428571423 0.003941353433411468 0.19561265063304842 0.0629927934898559 0.07323081913635075
6.080000000000041 0.004050826530960313 0.1974957832243789 0.06415180660911383 0.07447860258298918
6.134285714285738 0.004164918251311497 0.19925773843631597 0.06472206308294605 0.0731845976369673
6.188571428571436 0.00428389172119681 0.20090258166737351 0.06472858757489762 0.06985477614772465
6.242857142857133 0.004408029047143465 0.2024422434364421 0.06426763594320686 0.06538299484501128
6.2971428571428305 0.00453763297985241 0.20389511637946908 0.06348252314839649 0.06065208347973723
6.351428571428528 0.004673028750895212 0.2052840779405485 0.06253383444483135 0.05629874354359574
6.405714285714339 0.0048145661026376295 0.20663416558428227 0.06157382421099699 0.052683251853935756
6.460000000000036 0.004962621534983382 0.2079701552528938 0.06073011929604381 0.04996381202567459
6.514285714285734 0.005117600795598051 0.2093142837609738 0.06009878925247226 0.04818502110874646
6.568571428571431 0.005279941644330519 0.21068432027431794 0.05974395202875385 0.04734294686894378
6.622857142857129 0.005450116926537089 0.21209214170060434 0.05970054052351206 0.04742265925362428
6.677142857142826 0.005628637995931935 0.21354291155536015 0.05997766704575826 0.04841432043487878
6.731428571428523 0.005816058532116801 0.21503490784790127 0.06056121985301586 0.05031309404696408
6.785714285714334 0.0060130077315191 0.21655999492654626 0.06141541012697619 0.05310421955045112
6.840000000000032 0.006220081408883323 0.21810468637528946 0.062483829141146995 0.056731260945055394
6.894285714285729 0.006438015002270252 0.21965169973907145 0.06369116567002231 0.06104570874167343
6.948571428571427 0.0066675796265989505 0.22118185942960414 0.06494700427571419 0.06574464530023305
7.002857142857124 0.006909615907058172 0.22267616515156247 0.06615289615819929 0.07032520909347596
7.057142857142821 0.00716504161624144 0.2241178160431797 0.06721298852145675 0.07411340341394464
7.111428571428519 0.00743486030646223 0.2254939734589943 0.06804698711350282 0.07642270622878794
7.16571428571433 0.007720171087035901 0.22679706447613515 0.06860265337432611 0.07681459788262923
7.220000000000027 0.008022179722987527 0.22802547594024022 0.06886430602418125 0.07530540245669785
7.274285714285725 0.0083422112626265 0.22918356103123852 0.06885460066861039 0.07235536764729222
7.328571428571422 0.008681724438989152 0.23028096638873294 0.06862902404435194 0.06865170968629528
7.3828571428571195 0.009042328135037157 0.23133137354723246 0.0682649622705015 0.06485724229620829
7.437142857142817 0.009425800254833985 0.23235081928746174 0.06784862001135303 0.06146636155441088
7.491428571428514 0.009834109412347542 0.23335580487690846 0.06746295158779587 0.05878343995165227
7.545714285714325 0.010269439924557647 0.23436141934984941 0.06717854563214778 0.056966931801903785
7.600000000000023 0.010734220696084873 0.23537968849042465 0.0670479528613323 0.0560856606573517
7.65428571428572 0.011231158700315113 0.23641832486938977 0.06710293420161825 0.05616117576422485
7.7085714285714175 0.011763277908435095 0.2374800028270778 0.06735374588548931 0.05718938326225764
7.762857142857115 0.012333964698552575 0.23856222267175048 0.06778973466069994 0.05914176617066287
7.817142857142812 0.012947021001846847 0.23965776613159445 0.06838093101758634 0.06194727860851541
7.871428571428623 0.013606726721736162 0.24075568400413846 0.06908075855427342 0.06545660776829643
7.925714285714321 0.014317913311132554 0.24184270063644234 0.06983023300012677 0.06939629098760638
7.980000000000018 0.01508605083414828 0.24290487255254153 0.07056396723907069 0.07333491592377178
8.034285714285716 0.015917351394380528 0.2439293057613233 0.0712178721499067 0.07670272957717074
8.088571428571413 0.016818892517697727 0.2449057240773644 0.07173773825922115 0.07890564665162048
8.14285714285711 0.017798764983369682 0.2458276943712228 0.0720871818461776 0.07952189104103059
8.197142857142808 0.018866250756426957 0.2466933540811691 0.07225313663351346 0.07848003239890308
8.251428571428619 0.02003203817864269 0.24750555187407075 0.07224745444088868 0.07609088049439924
8.305714285714316 0.021308483523529754 0.24827138836974244 0.07210418613449819 0.07290889141964663
8.360000000000014 0.022709930596643085 0.24900122620475984 0.0718733156741756 0.06952887981249933
8.414285714285711 0.024253103404801697 0.24970730732237206 0.07161256623799288 0.06643946547709827
8.468571428571408 0.02595759143724015 0.2504021636113858 0.07137907213492166 0.06397353247384822
8.522857142857106 0.027846453062019324 0.25109702752200674 0.07122228727784163 0.062326136587957506
8.577142857142803 0.02994697063174583 0.25180044189409384 0.07117881840058374 0.06159553811147561
8.631428571428614 0.03229160185577838 0.25251723672025844 0.0712692795698827 0.06181866383898076
8.685714285714312 0.03491918701368694 0.25324799122422803 0.07149695326907528 0.06298923461691423
8.740000000000009 0.03787649231964521 0.25398903929413547 0.07184801538743052 0.06505574419508758
8.794285714285706 0.041220198618706134 0.25473301138253496 0.07229321958554248 0.06790021203757522
8.848571428571404 0.04501948514291755 0.2554698422534622 0.07279108142876124 0.07130295699455615
8.902857142857101 0.0493594154857882 0.25618811715023815 0.07329261001440965 0.07490857907478933
8.957142857142912 0.05434541497478966 0.2568765851194377 0.07374742018683125 0.0782239140847094
9.01142857142861 0.06010924665146384 0.2575256435611743 0.07411064228430549 0.0806868250574393
9.065714285714307 0.06681706406122515 0.25812859793173437 0.07434958029744831 0.08181836706431254
9.120000000000005 0.07468036789794316 0.2586825271670406 0.07444879958742798 0.08140155439035772
9.174285714285702 0.08397105619412495 0.25918863762055416 0.07441247021234461 0.07957494782423902
9.2285714285714 0.09504228385162888 0.259652058727352 0.07426338822646883 0.07677147818584064
9.282857142857097 0.10835759914074965 0.2600811118703856 0.07403893548415237 0.07354943944145018
9.337142857142908 0.12453186125075334 0.26048615711835943 0.07378496654323409 0.07042763633306184
9.391428571428605 0.14438875723511055 0.26087817897318555 0.07354894618124927 0.0677973002945063
9.445714285714303 0.16904105957792548 0.26126730427186934 0.07337354547590301 0.06591042988785742
9.5 0.19999999745734504 0.2616614496275818 0.07329149952527612 0.06490792280688665
9.554285714285697 0.23931576742350938 0.2620652742089771 0.0733220801310314 0.06485377377198037
9.608571428571395 0.289732350498799 0.2624795709327469 0.07346922682864883 0.06575702788696636
9.662857142857092 0.35478039838885556 0.262901171932808 0.073721268351916 0.06757477791780582
9.717142857142903 0.4385713402466159 0.26332337924001276 0.07405219990357653 0.07019555430741521
9.7714285714286 0.5446865273845372 0.26373686561423576 0.07442454272131144 0.07340763266994796
9.825714285714298 0.6729438133516346 0.2641309300212945 0.07479377671748676 0.07686633162867564
9.879999999999995 0.812743823179038 0.26449494412919267 0.07511412405678805 0.08008926640980898
9.934285714285693 0.9353715525021281 0.26481979714122666 0.07534508385939409 0.08251766040364064
9.98857142857139 0.9979145622215069 0.26509914190925604 0.07545770703523293 0.08365999739598619
10.042857142857088 0.9714512291901727 0.26533026851231706 0.07543937198245154 0.08326973478606578
10.097142857142899 0.868818973613363 0.26551448092095986 0.07529596852948035 0.08145020417360599
10.151428571428596 0.7315878741928898 0.2656569216200151 0.07505095045069848 0.07860983953276779
10.205714285714294 0.596269543078559 0.26576586744291103 0.07474148890317242 0.07530171072940253
10.259999999999991 0.4803996571163773 0.2658515946556295 0.07441263421004936 0.07205520157474965
10.314285714285688 0.387535571415619 0.265924970574486 0.07411071339627864 0.06927885467194532
10.368571428571386 0.3151076668111883 0.2659959642315769 0.07387709808248173 0.0672414100941406
10.422857142857197 0.2590049081561259 0.26607227632569036 0.07374311385963785 0.06609691780495723
10.477142857142894 0.2153944588094663 0.26615826928993636 0.07372645223345287 0.06591912482010252
10.531428571428592 0.1812033659797018 0.26625433816795624 0.07382916480212601 0.06672500419858317
10.585714285714289 0.1541074337395305 0.2663568051488544 0.07403722679048119 0.06847936909984224
10.639999999999986 0.1323872053692331 0.26645835567149784 0.07432170396348038 0.07107893751731978
10.694285714285684 0.1147773221505064 0.2665489655204836 0.07464162614303929 0.07431929964191365
10.748571428571381 0.10034370760234386 0.2666172048414192 0.07494862845250894 0.07785771202770496
10.802857142857192 0.08839174623429853 0.26665175299800115 0.07519317395358792 0.08120071781709727
10.85714285714289 0.07839999985249495 0.26664292506362547 0.07533172433387075 0.08375844100325078
10.911428571428587 0.06997297033729716 0.26658400277909783 0.07533372472642179 0.08498998477698155
10.965714285714284 0.06280750032068536 0.26647218369081443 0.07518697137115063 0.08459752001085011
11.019999999999982 0.05666878224782818 0.26630901109306127 0.07490007632571496 0.08265485505763152
11.07428571428568 0.05137310880075682 0.2661002182390681 0.07450138225828189 0.07957540387100243
11.128571428571377 0.046775363673576 0.26585500220601627 0.07403459131490556 0.07594404388389274
11.182857142857188 0.04275986476670184 0.2655848225031799 0.0735521674040621 0.07233004262034494
11.237142857142885 0.03923359649739572 0.26530188424097156 0.07310793156733969 0.06917504025748675
11.291428571428582 0.03612115949788375 0.26501750623884424 0.07275012715214163 0.06676926090222765
11.34571428571428 0.03336096618989223 0.26474058661517474 0.07251576730716583 0.06527933953491856
11.399999999999977 0.030902348571692217 0.26447636303099403 0.07242657387505344 0.0647885801605838
11.454285714285675 0.02870334007955413 0.26422562633439883 0.07248649294007442 0.06532689934319555
11.508571428571486 0.02672896004979174 0.2639844909452534 0.07268070642731993 0.0668813805854129
11.562857142857183 0.024949876205092897 0.26374475945083525 0.07297619824733749 0.06938472368783712
11.61714285714288 0.023341353865012997 0.2634948485049198 0.07332413800384403 0.0726820744594756
11.671428571428578 0.021882424392500714 0.2632211743807097 0.07366443442672051 0.07648329443790292
11.725714285714275 0.020555222569202704 0.2629098360804269 0.07393261419759721 0.08032339759212735
11.779999999999973 0.01934445510473048 0.26254838935355357 0.07406862144100934 0.08357616155934489
11.83428571428567 0.018236971655938055 0.26212748400851554 0.07402632322208429 0.08557091178108968
11.888571428571481 0.017221416525411887 0.2616421454831345 0.07378179480443527 0.08581014026682011
11.942857142857179 0.016287944261991934 0.2610925217832061 0.07333830139002465 0.0841818083787462
11.997142857142876 0.0154279861907487 0.26048398482638035 0.07272656157470882 0.08101394020914471
12.051428571428573 0.01463405776523318 0.25982656121115105 0.07200019318900368 0.07692640579034263
12.10571428571427 0.0138995988294963 0.2591337576367468 0.07122760992504562 0.07259480158701351
12.159999999999968 0.013218840549442895 0.2584209258386464 0.07048241810146888 0.06857440951233076
12.214285714285666 0.012586694066702656 0.257703369077799 0.06983428713444564 0.06523951755931319
12.268571428571477 0.011998656934450729 0.25699442028357045 0.06934154751120677 0.06280570378560793
12.322857142857174 0.011450734174834288 0.25630372035004806 0.06904587615967113 0.061381941228646035
12.377142857142871 0.010939371414339672 0.2556358978663517 0.06896877342266663 0.06101802395286203
12.431428571428569 0.010461398039541988 0.25498980518449016 0.0691093084245452 0.06173372277207468
12.485714285714266 0.01001397869733167 0.2543584065876564 0.06944279656646576 0.06352638017627497
12.539999999999964 0.009594571775604766 0.25372934751259324 0.0699205466882504 0.06635557939885416
12.594285714285661 0.009200893741593455 0.2530861632538828 0.07047138833376386 0.07010293806174253
12.648571428571472 0.008830888415326827 0.25241001519231127 0.07100610674139655 0.07450874020128055
12.70285714285717 0.008482700415925805 0.2516817777562519 0.07142584683353087 0.07910324545023639
12.757142857142867 0.0081546521463582 0.2508842476512595 0.07163469722917462 0.0831830221641579
12.811428571428564 0.007845223789844825 0.2500042175876958 0.07155502214451605 0.08591027744272745
12.865714285714262 0.007553035877001659 0.24903415833972992 0.07114224663854352 0.08657349382550714
12.919999999999959 0.007276834053755708 0.24797329016097597 0.07039482705972672 0.08490313787787294
12.97428571428577 0.007015475739064363 0.24682789527480709 0.06935603245651913 0.08121304467606853
13.028571428571468 0.006767918409779956 0.24561081795179393 0.06810685222936694 0.07624288406159348
13.082857142857165 0.006533209289915958 0.24434020149403632 0.06675247014833806 0.07083547505477199
13.137142857142862 0.00631047625647888 0.24303760514488026 0.06540658173226892 0.06567975279595646
13.19142857142856 0.006098919802559636 0.24172571323048908 0.06417759048804664 0.06122037780769412
13.245714285714257 0.005897805901097766 0.24042588576020632 0.06315895787403952 0.05769020546448728
13.299999999999955 0.005706433661989545 0.23915580369386338 0.06242391528880265 0.055185649062628725
13.354285714285766 0.005524235520628503 0.23792743931421875 0.062023303533562536 0.05373556607312604
13.408571428571463 0.005350610900450224 0.23674554180107768 0.06198475288780326 0.0533480464534969
13.46285714285716 0.005185031116076407 0.23560677885864245 0.06231156285840558 0.05403572328116952
13.517142857142858 0.005027007547137882 0.2344996225861805 0.06298020632470944 0.05582315057887674
13.571428571428555 0.004876088054646166 0.23340501327277915 0.06393623347403617 0.05873653615354078
13.625714285714253 0.004731853766078558 0.23229777682013722 0.06508951223730199 0.0627707808452159
13.67999999999995 0.004593916185284396 0.23114870862259573 0.06631123234993402 0.06782455361765675
13.734285714285761 0.0044619145907876115 0.22992716925176207 0.06743661362331974 0.07359807955021265
13.788571428571458 0.004335513690053743 0.22860397100856322 0.06827782737165115 0.07947540580472696
13.842857142857156 0.0042144015013044584 0.22715427972752342 0.06864971274596468 0.08447609338093276
13.897142857142853 0.0040982874380847455 0.22556022697072248 0.06840545709410276 0.0874225204775045
13.95142857142855 0.003986900574699868 0.22381293656153523 0.0674721451348519 0.08738965751151745
14.005714285714248 0.003879988073388463 0.22191372266196427 0.06587196818491253 0.08420380611511441
14.059999999999945 0.0037773137560731694 0.2198743103952659 0.06371888118740673 0.07855575736392477
14.114285714285757 0.0036786568059002005 0.21771604947154627 0.0611917216301709 0.07160917457603175
14.168571428571454 0.0035838105850486755 0.21546821384337847 0.05849563680621547 0.0644701040557127
14.222857142857151 0.003492581557471212 0.2131655824583908 0.05582667058385388 0.05789120932949881
14.277142857142849 0.003404788305223517 0.21084556004350472 0.05334915999143825 0.05225364933493999
14.331428571428546 0.003320260632944931 0.20854511557708738 0.05118767691691465 0.047680000074104376
14.385714285714243 0.0032388387372405377 0.20629779473926452 0.04942981474533403 0.044155724309685035
14.440000000000055 0.0031603724691182953 0.20413101438444137 0.048134572818851695 0.0416142598833291
14.494285714285752 0.00308472063108569 0.20206378915960094 0.0473420624380047 0.039985716252226536
14.54857142857145 0.0030117503503711523 0.2001049878558864 0.047081916474327475 0.03922161961730311
14.602857142857147 0.0029413364964961347 0.19825217969208042 0.047379042553418946 0.03930680590912395
14.657142857142844 0.002873361146421077 0.1964911111877938 0.04825588859900858 0.04026529318027983
14.711428571428542 0.00280771309293618 0.1947958486351436 0.049730247023973426 0.042163099868760996
14.765714285714239 0.002744287390788779 0.1931296203930433 0.05180700369163535 0.04510745297859439
14.82000000000005 0.0026829849390177575 0.1914463857307432 0.05446148939268006 0.04923732536682088
14.874285714285747 0.0026237120949090544 0.18969313143472916 0.05761203271211193 0.05469287148692621
14.928571428571445 0.0025663803174995154 0.18781284631432915 0.06108176904191333 0.06153990620529441
14.982857142857142 0.0025109058378765706 0.18574804666758954 0.06455774547088422 0.06961520962473693
15.03714285714284 0.002457209354165784 0.18344463188802318 0.06757088135794795 0.0782764816662131
15.091428571428537 0.0024052157488329453 0.18085575785783495 0.0695368273276303 0.08615291767414321
15.145714285714234 0.0023548538268257694 0.17794535236346995 0.06989094984474521 0.09122739985846619
15.200000000000045 0.0023060560724282976 0.17469088671436497 0.06829225821931831 0.0916403929164548
15.254285714285743 0.0022587584235553037 0.17108507672651585 0.06478536294728585 0.0869032080534397
15.30857142857144 0.0022129000622617373 0.16713631212113647 0.05979781843754192 0.07830266763321567
15.362857142857138 0.002168423219466374 0.1628677844152921 0.0539664749131071 0.0679838179266838
15.417142857142835 0.0021252729936661954 0.15831546290134485 0.04791538219357692 0.05776153391363999
15.471428571428532 0.002083397181836482 0.15352521642449607 0.0421104708201396 0.048639427056427494
15.52571428571423 0.0020427461219840928 0.14854946500706911 0.036823685525804756 0.04094786810388007
15.580000000000041 0.002003272546195584 0.14344375797648165 0.03216741378286545 0.03464458964795821
15.634285714285738 0.0019649314436287284 0.13826362203720652 0.028149934667292018 0.029539334960540158
15.688571428571436 0.0019276799323869433 0.13306192594085006 0.024723554662326334 0.025412646035090813
15.742857142857133 0.0018914771400479335 0.12788689556227703 0.021817204963007625 0.02206512780382787
15.79714285714283 0.0018562840915438284 0.12278080849078768 0.019355244903395033 0.019331825057856206
15.851428571428528 0.0018220636049262402 0.11777931639600635 0.017266836415174267 0.01708199125270815
15.905714285714339 0.0017887801925316714 0.11291129256716703 0.015489741750157774 0.01521397381466103
15.960000000000036 0.0017563999703005333 0.1081990795000683 0.013971163452962248 0.013649304811845136
16.014285714285734 0.00172489057096276 0.10365901104787062 0.012667186738218348 0.012327417191717717
16.06857142857143 0.0016942210632676278 0.09930209767826449 0.01154167431778226 0.011201409469369369
16.12285714285713 0.0016643618765747525 0.09513478469902206 0.010565041394682492 0.010234738636075907
16.177142857142826 0.0016352847296404818 0.09115971643900712 0.009713103282296853 0.009398750548229551
16.231428571428523 0.001606962563575083 0.0873764607998501 0.008966083313746398 0.008670793021708456
16.285714285714334 0.0015793694792257693 0.08378216652976782 0.008307758074130549 0.008032827559300142
16.340000000000032 0.0015524806779498729 0.08037213939420622 0.007724791393210962 0.007470376331131935
16.39428571428573 0.0015262724060916145 0.0771403333232527 0.00720616137354972 0.006971728464579009
16.448571428571427 0.0015007219024889956 0.07407975918438703 0.006742736269336276 0.006527350256425472
16.502857142857124 0.0014758073492624085 0.07118281779244841 0.006326901133333867 0.006129412693983493
16.55714285714282 0.001451507825273999 0.06844156576695394 0.005952284763919834 0.005771450805885514
16.61142857142852 0.0014278032622053118 0.06584792355753409 0.005613527425410896 0.005448089497019647
16.66571428571433 0.0014046744033450493 0.06339383478045976 0.005306108425239202 0.005154832196631562
16.720000000000027 0.001382102764431061 0.06107138533798746 0.00502618471021152 0.004887892806878423
16.774285714285725 0.001360070596780052 0.058872889873317874 0.004770482940305722 0.004644074579804279
16.828571428571422 0.0013385608524744855 0.056790952082463104 0.004536201087915394 0.004420651354632115
16.88285714285712 0.0013175571514985013 0.05481850441304855 0.004320928297733847 0.0042152946618815015
16.937142857142817 0.0012970437504692535 0.05294883173034781 0.004122590577274538 0.00402600426882581
16.991428571428514 0.0012770055132939795 0.05117558271171343 0.00393938436241097 0.0038510540991398253
17.045714285714325 0.0012574278832292811 0.04949277200242264 0.003769743347187062 0.003688945868452278
17.100000000000023 0.0012382968565092462 0.04789476576473463 0.0036123004556677576 0.0035383826807463964
17.15428571428572 0.0012195989573441461 0.04637631164334763 0.0034658560805268623 0.0033982222199772766
17.208571428571418 0.0012013212141474786 0.04493246596432117 0.003329360367818778 0.003267472270500373
17.262857142857115 0.001183451137213179 0.0435586188237015 0.003201888374208526 0.0031452525337203768
17.317142857142812 0.0011659766972798617 0.04225046736704945 0.003082617153881667 0.003030785627618296
17.371428571428623 0.0011488863053547927 0.04100399856497786 0.002970816744428555 0.0029233902401431923
17.42571428571432 0.0011321687935373498 0.03981547180220037 0.0028658452597862686 0.0028224537028410427
17.480000000000018 0.0011158133968220585 0.038681401654630104 0.0027671228760791475 0.0027274324232377913
17.534285714285716 0.001099809735705686 0.03759854110976727 0.002674133528425798 0.0026378405883825114
17.588571428571413 0.0010841477998382433 0.03656386540930714 0.0025864145624144835 0.0025532404866521344
17.64285714285711 0.0010688179323226213 0.0355745468350842 0.002503547881362766 0.002473245913398522
17.697142857142808 0.0010538108148397999 0.03462797967304504 0.002425161302708948 0.0023974997046465607
17.75142857142862 0.0010391174536264923 0.03372170654277654 0.002350916828252028 0.002325686299385253
17.805714285714316 0.0010247291658371622 0.0328534458270166 0.0022805109193866193 0.002257520236586233
17.860000000000014 0.001010637566859306 0.03202106944678248 0.0022136635029959724 0.002192738031138054
17.91428571428571 0.000996834558046382 0.031222591625002474 0.002150122546928954 0.002131102533447637
17.96857142857141 0.0009833123151665206 0.030456158458749362 0.0020896586240215257 0.0020723977986664205
18.022857142857106 0.000970063277200042 0.029720038243338458 0.0020320624919630895 0.0020164268082912525
18.077142857142803 0.0009570801359390563 0.029012612505141637 0.0019771429706849724 0.0019630094750582284
18.131428571428614 0.0009443558258259902 0.028332357958471093 0.001924725077371463 0.0019119808912182483
18.18571428571431 0.0009318835143684613 0.02767787823589006 0.0018746483825961393 0.0018631897868304605
18.24000000000001 0.0009196565929525713 0.027047837147631894 0.0018267655595163238 0.0018164971697804749
18.294285714285706 0.0009076686681461968 0.026440992317449508 0.0017809410996873743 0.0017717751227841162
18.348571428571404 0.0008959135533200054 0.02585617900791417 0.0017370501742603342 0.0017289057378793962
18.4028571428571 0.0008843852606926197 0.025292304559592003 0.0016949776231234138 0.0016877801693966955
18.4571428571428 0.0008730779937013793 0.024748343257446147 0.001654617052072412 0.001648297791558935
18.51142857142861 0.000861986139701824 0.024223331596680376 0.0016158700309732924 0.0016103654469797801
18.565714285714307 0.0008511042630352284 0.02371635416165786 0.001578645374707617 0.0015738967754064471
18.620000000000005 0.0008404270983962995 0.023226578971169934 0.0015428584999985417 0.001538811612315079
18.674285714285702 0.0008299495444246683 0.022753194116584722 0.0015084308487081331 0.001505035450188582
18.7285714285714 0.0008196666576263733 0.022295444475635633 0.0014752893694008574 0.0014724989536746903
18.782857142857097 0.0008095736466268617 0.021852618403765085 0.001443366050768629 0.00144113752377473
18.837142857142908 0.0007996658663749421 0.021424044794312876 0.001412597501112458 0.001410890904920454
18.891428571428605 0.0007899388132589052 0.02100909036703337 0.0013829245686508924 0.0013817028297014285
18.945714285714303 0.0007803881191163641 0.020607147295977884 0.0013542919980616599 0.0013535206982130984
19.0 0.0007710095476326872 0.02021767072028352 0.0013266481194732754 0.0013262952863558111
