-63.0 0.005882346006029727 0.007027913165789132 0.0004594044624942878 0.0004424320758948079
-62.780000000000655 0.006085367960916888 0.0072959097365392035 0.00047786475305451446 0.0004594326607384687
-62.55999999999949 0.006299061801964419 0.007579584915515306 0.0004974894459698784 0.0004774381126075103
-62.340000000000146 0.006524187102647032 0.007880178580180142 0.0005183813452688501 0.0004965296667313287
-62.1200000000008 0.006761572075619841 0.008199072466538823 0.0005406552142910093 0.00051679698143036
-61.899999999999636 0.0070121211351789016 0.00853778684444565 0.0005644395449023898 0.0005383392131140556
-61.68000000000029 0.007276834034994183 0.008898013959234861 0.0005898786554481926 0.0005612662574425481
-61.45999999999913 0.0075567740246165705 0.009281598336786606 0.0006171351903910765 0.0005857001826224219
-61.23999999999978 0.007853139979792721 0.00969062109259807 0.000646393113451157 0.0006117768953600939
-61.02000000000044 0.008167238897476631 0.010127388987242116 0.0006778613044303711 0.0006396480718188878
-60.79999999999927 0.008500510009177242 0.0105944769045079 0.0007117779112007774 0.0006694834308759472
-60.57999999999993 0.008854541117781367 0.011094766193174501 0.0007484156854824876 0.0007014733768681583
-60.36000000000058 0.009231087325132989 0.011631489569812416 0.0007880886371382524 0.0007358321260603704
-60.13999999999942 0.009632092567292928 0.012208283891568214 0.0008311604355989837 0.0007728013951779361
-59.92000000000007 0.010059714439869714 0.01282926263468099 0.0008780550520324385 0.0008126547791937338
-59.70000000000073 0.010516352902536384 0.013499049963354893 0.0009292703085286599 0.0008557029703452392
-59.47999999999956 0.01100468356601247 0.01422292637246464 0.0009853953516617648 0.0009023000084176228
-59.26000000000022 0.0115276964148357 0.015006895865277642 0.001047133329354489 0.00095285080598402
-59.04000000000087 0.012088740999862534 0.01585782092943705 0.0011153309163662811 0.0010078202498974968
-58.81999999999971 0.012691579359153386 0.0167835742518988 0.0011910173142357817 0.0010677442782619968
-58.600000000000364 0.013340448205723 0.017793227806237447 0.0012754571953091168 0.001133243438739432
-58.3799999999992 0.014040132278939934 0.018897256875424987 0.0013702314863841265 0.0012050395850926698
-58.159999999999854 0.0147960511928185 0.020107844080680882 0.0014773892323476706 0.0012839765823532906
-57.94000000000051 0.015614362676347497 0.021439199011404803 0.0015997237682730155 0.0013710461874375246
-57.719999999999345 0.016502085823041763 0.02290799428396051 0.0017411253680316853 0.0014674206094975567
-57.5 0.017467248864437745 0.024533847491674036 0.0019068027466065515 0.0015744938113781384
-57.280000000000655 0.018519067185288753 0.026340042687329965 0.002102868622174244 0.001693934423124951
-57.05999999999949 0.019668158775007008 0.028354327038585515 0.002335655143590405 0.0018277541549183347
-56.840000000000146 0.020926806349456168 0.03060998785298318 0.0026163445221287556 0.001978397111768935
-56.6200000000008 0.02230927792654664 0.03314722671951456 0.0029714621233339553 0.0021488578254242495
-56.399999999999636 0.02383222110307189 0.036014943625051185 0.003447380168189268 0.002342839100265113
-56.18000000000029 0.025515150832507397 0.039273086888461234 0.004095789350559289 0.0025649688946591106
-55.95999999999913 0.02738105662104584 0.04299569743006611 0.004892746131021194 0.002821085874123927
-55.73999999999978 0.02945716331889351 0.047275101273440534 0.005802439436211454 0.003118657543408048
-55.52000000000044 0.03177589091605586 0.05222743370121037 0.007099216448579287 0.0034673689390835472
-55.29999999999927 0.034376074165636046 0.05800023973433996 0.009241725316280815 0.0038799672306330077
-55.07999999999993 0.03730452419841527 0.06478285038333817 0.012459932539790474 0.004373530624622516
-54.86000000000058 0.04061804405710693 0.07282088369607842 0.01573616130971554 0.004971381136719425
-54.63999999999942 0.04438605201429145 0.0824363705440981 0.01861755349519696 0.005706123513831854
-54.42000000000007 0.048694026092940365 0.09405588623553048 0.023720987385728653 0.006624520725279123
-54.20000000000073 0.053648068532294986 0.10824978408883103 0.033927438062656266 0.00779574783656478
-53.97999999999956 0.059381012174783254 0.12578544662759952 0.04679606286172304 0.009325882893825625
-53.76000000000022 0.0660606699487563 0.14769622149485426 0.05201872889233306 0.011384761737724486
-53.54000000000087 0.07390109058733076 0.17535876568671643 0.055919647003210254 0.014259284350210923
-53.31999999999971 0.08317806738784178 0.2105460164766619 0.07208150652117523 0.018467001633513887
-53.100000000000364 0.09425070662798733 0.2553533737659747 0.10396042459023887 0.02502208618607337
-52.8799999999992 0.10759166780762133 0.3117462674125652 0.11799660178864617 0.03611008922922694
-52.659999999999854 0.12382980796401465 0.3802562651313563 0.1029669515810341 0.057088745639009536
-52.44000000000051 0.14381039994926048 0.45744198848584694 0.10441330457065934 0.10330129740065655
-52.219999999999345 0.16867957575954604 0.5334174484843184 0.1379090703760953 0.21748086245594156
-52.0 0.19999999934042847 0.5943590431999125 0.1761088479331402 0.36788904013944
-51.780000000000655 0.23990020064073658 0.6326822396897461 0.15141472803383454 0.26079016131026495
-51.55999999999949 0.2912395141558777 0.6533280396254401 0.12737282292847535 0.17542544489470888
-51.340000000000146 0.3577049631357023 0.6645741912225277 0.1378385003532092 0.1901212230808499
-51.1200000000008 0.4435770021140498 0.6657993630144344 0.1846880337883409 0.3021308212202722
-50.899999999999636 0.5524861830923872 0.6493368014837326 0.22386066102306823 0.35620707979300514
-50.68000000000029 0.6838074317219104 0.6132947119038139 0.18638059881524166 0.21132737542467572
-50.45999999999913 0.825354889302994 0.5666998065317959 0.1354901109832005 0.12952849983933612
-50.23999999999978 0.9455370626896286 0.520368894364566 0.11198420724111634 0.112371597646034
-50.02000000000044 0.9996001574371594 0.4775989667540297 0.11445840337959867 0.14312272905356638
-49.79999999999927 0.9615384591346734 0.434632152684598 0.12989938208832827 0.1833608002620012
-49.57999999999993 0.8500509886530175 0.3879033896017759 0.12978105905296752 0.12424859040133347
-49.36000000000058 0.7094211034601484 0.3392081498589523 0.11155990461543998 0.06826092399041436
-49.13999999999942 0.5748447866707761 0.2935510154169092 0.09046302464145188 0.04409823610798775
-48.92000000000007 0.4615952701441818 0.25444104051024585 0.0746803799019636 0.035564351322011876
-48.70000000000073 0.37174720994000493 0.2221673809049331 0.06475142887566657 0.03728579704211433
-48.47999999999956 0.3020782973889381 0.1948378543355935 0.0583190991594685 0.04536593486893947
-48.26000000000022 0.24828682000941613 0.17035417718584497 0.05192251594905862 0.037023026072481306
-48.04000000000087 0.2065432907818839 0.14788422276440227 0.0447827000552839 0.02203877675075729
-47.81999999999971 0.17384048343248704 0.1277696613948967 0.038259295865147286 0.014256028074054116
-47.600000000000364 0.1479289936485624 0.1105059325662345 0.03193959794653615 0.010454160514561111
-47.3799999999992 0.12715528167155982 0.09614939862716387 0.02623005865996283 0.008465709450738625
-47.159999999999854 0.11030709464999924 0.08435059764491389 0.021845587724783774 0.007556154795674039
-46.94000000000051 0.09649156637808157 0.07457623242194845 0.01857167653924864 0.007501337333434807
-46.719999999999345 0.08504558420816068 0.06630494570444206 0.015800512934112027 0.007072463415258644
-46.5 0.07547169791606714 0.05916521068857273 0.0132992142205451 0.005416754129808468
-46.280000000000655 0.06739271062997612 0.05296218963723234 0.011263636357482032 0.004194163727460261
-46.05999999999949 0.06051949922717655 0.047595910465719794 0.009658065473810313 0.0034753598147013905
-45.840000000000146 0.0546280918102663 0.042978330019248286 0.00818640352550961 0.0030040028526997064
-45.6200000000008 0.049543211462887565 0.03900967824862135 0.00676168945693931 0.0026618833683560027
-45.399999999999636 0.04512635367604926 0.0355877234307768 0.005538878815425068 0.0023995676261762923
-45.18000000000029 0.041267063826313996 0.03261870863592354 0.0045865678210934985 0.002196188140328513
-44.95999999999913 0.037876492238074135 0.030022353413887818 0.00386371017290453 0.002034699970332945
-44.73999999999978 0.0348825851302032 0.027733531702551904 0.0033052814575089025 0.0018667339649617006
-44.52000000000044 0.03222646171133683 0.02570223917983635 0.00286414864525088 0.0016967014771845825
-44.29999999999927 0.029859659524145824 0.02389074045837382 0.0025105058046991147 0.0015564315560341261
-44.07999999999993 0.027742021324740154 0.022269216468803085 0.0022181250104520447 0.001439846121084825
-43.86000000000058 0.025840060297533135 0.020812592103495835 0.0019666005313570076 0.00133930859244604
-43.63999999999942 0.024125685108834973 0.01949926903889186 0.0017488653941495173 0.001250686253553249
-43.42000000000007 0.022575197927863104 0.018310712539443698 0.0015652960349336774 0.0011715779170494872
-43.20000000000073 0.021168501217033203 0.01723114326495069 0.0014138746995959151 0.0011003984751671303
-42.97999999999956 0.019888465435711943 0.01624717224472638 0.0012889836335400215 0.0010360055412538822
-42.76000000000022 0.0187204216867841 0.0153474271509228 0.001184490683839675 0.0009774763804727036
-42.54000000000087 0.01765175207209957 0.014522223109451468 0.001095593165056027 0.0009238185327831467
-42.31999999999971 0.01667155694838315 0.013763288855322235 0.0010189305860168372 0.0008743842464522979
-42.100000000000364 0.01577038318071269 0.01306352863782274 0.0009520949229036411 0.0008289749933212364
-41.8799999999992 0.014940000918695316 0.01241681180412961 0.0008932298279031005 0.0007871806311357852
-41.659999999999854 0.01417321938296892 0.011817802266240454 0.0008408708164813403 0.0007485844775322429
-41.44000000000051 0.01346373405224199 0.01126182981158427 0.0007938774956976472 0.0007128416324158018
-41.219999999999345 0.012805999322536324 0.010744791102686679 0.0007513707444626469 0.0006796623548054798
-41.0 0.012195121920642395 0.010263068984709906 0.0007126727774703838 0.000648797554623183
