-6.0 0.0017330935484222926 0.029201830017892175 0.003443339520901789 0.0018847314188981325
-5.940000000000509 0.001768219962239756 0.02981921649181159 0.0035639061181887755 0.0019259976564152863
-5.8799999999992 0.001804424556517414 0.030456496704132804 0.003699413175839254 0.001968658511477133
-5.819999999999709 0.0018417518845175976 0.031114536000488004 0.003854775398164178 0.0020127812766906473
-5.760000000000218 0.0018802488232387243 0.03179424716054679 0.004034561622129915 0.00205843470620895
-5.700000000000728 0.0019199672221233079 0.032496593587047345 0.004242944238190424 0.0021056929594379407
-5.639999999999418 0.001960954157793896 0.03322259263211432 0.0044834970361359895 0.002154630936517633
-5.579999999999927 0.0020032668082924287 0.03397331926393914 0.00475858839277558 0.0022053320171411253
-5.520000000000437 0.0020469629293955413 0.03474990999082331 0.005068254359515296 0.002257883528132059
-5.459999999999127 0.0020921034543785544 0.03555356709659122 0.0054086038321457496 0.002312378358436562
-5.399999999999636 0.0021387527061580537 0.036385563222923994 0.005770160506429349 0.0023689153957558457
-5.3400000000001455 0.002186978625710633 0.03724724631599826 0.0061372958496861635 0.0024276000038963136
-5.280000000000655 0.0022368530188938895 0.03814004498020685 0.006490273497124124 0.002488544545556261
-5.219999999999345 0.002288451823393274 0.039065474273021566 0.006810685475624601 0.0025518689556815713
-5.1599999999998545 0.0023418553966978047 0.040025141981077865 0.0070885045215146264 0.00261770137115604
-5.100000000000364 0.0023971488284408706 0.04102075542557628 0.007326850851181379 0.0026861788219275096
-5.040000000000873 0.002454422278404826 0.042054128810006766 0.007541507770884062 0.00275744799477797
-4.979999999999563 0.00251377134314942 0.04312719140087604 0.00775605627831404 0.002831666071463494
-4.920000000000073 0.0025752974538309254 0.04424200099445336 0.007996154079940997 0.002909001657478088
-4.860000000000582 0.002639108308405826 0.04540073353874829 0.008285787680403165 0.0029896358078155614
-4.799999999999272 0.002705318341721416 0.046605723249641566 0.00864605377140048 0.0030737631638890974
-4.739999999999782 0.0027740492369854423 0.04785945405198129 0.009095503811026905 0.0031615932141309936
-4.680000000000291 0.0028454304833293877 0.04916457670333892 0.009650758834155447 0.003253351695496522
-4.6200000000008 0.002919599983873964 0.05052392211762396 0.010326292726740367 0.0033492821531084737
-4.559999999999491 0.0029967047196432753 0.05194051589854449 0.011132443487940917 0.00344964767965642
-4.5 0.0030769014756804546 0.05341759420759487 0.012070818711202953 0.0035547328583279943
-4.440000000000509 0.003160357635267632 0.054958632082843094 0.013126797519908516 0.0036648459377994426
-4.3799999999992 0.003247252050557079 0.05656732468354953 0.014260685225850566 0.003780321267720542
-4.319999999999709 0.0033377759975487574 0.05824765057904527 0.015402710879844423 0.003901522038084737
-4.260000000000218 0.0034321342249953733 0.060003883267080275 0.0164605686807413 0.004028843360896236
-4.200000000000728 0.0035305461080768893 0.06184060653511746 0.0173449467643706 0.004162715754954452
-4.139999999999418 0.0036332469186766375 0.0637627463994949 0.018004920285994822 0.004303609097368331
-4.079999999999927 0.0037404892262670394 0.06577560089124751 0.018451373318324606 0.004452037110414094
-4.020000000000437 0.003852544444727993 0.06788487267470338 0.018752351311007786 0.004608565015245012
-3.959999999999127 0.003969704542595024 0.07009670478635936 0.01900667014622457 0.004773805328951995
-3.899999999999636 0.0040922839371621 0.07241771978637075 0.0193157768096268 0.004948439090997105
-3.8400000000001455 0.004220621594851321 0.07485506264270331 0.019767574227483993 0.0051332139105354935
-3.780000000000655 0.004355083364271545 0.07741644768483205 0.02043316318595144 0.00532895500722491
-3.719999999999345 0.004496064571639004 0.08011020996254804 0.021370740383307708 0.005536575255463647
-3.6599999999998545 0.004643992912873844 0.08294536139979647 0.02263077337856833 0.005757086795923002
-3.600000000000364 0.0047993316815978775 0.08593166349664658 0.0242583899094583 0.005991614500986614
-3.540000000000873 0.004962583378449357 0.08907965023186534 0.02628996587789727 0.0062414116398918345
-3.4799999999995634 0.005134293753805333 0.09240076418315839 0.0287407565318636 0.006507878159507547
-3.4200000000000728 0.005315056344437137 0.09590739436262712 0.03158090619972629 0.006792582075858215
-3.360000000000582 0.005505517574158414 0.09961297619800029 0.03470145634598264 0.007097287320356749
-3.2999999999992724 0.0057063824997622605 0.10353206326870704 0.03788494380830048 0.007423972659957603
-3.2399999999997817 0.005918421297039376 0.10768045429488761 0.040813561177389615 0.0077748818794480595
-3.180000000000291 0.006142476598066669 0.11207528277546118 0.04314833288426547 0.0081525556209094
-3.1200000000008004 0.006379471808739968 0.11673512119490109 0.04466417759614099 0.008559884371452043
-3.0599999999994907 0.006630420559577037 0.12168008254396157 0.04535630637958118 0.009000173006288501
-3.0 0.006896437468898365 0.12693197420571056 0.0454374469093499 0.00947720415013293
-2.9400000000005093 0.007178750430264528 0.13251437928589851 0.045239030711672554 0.009995343929804617
-2.8799999999991996 0.007478714675646885 0.1384527743828698 0.045098769320730786 0.010559637501565753
-2.819999999999709 0.007797828912433927 0.1447746276902131 0.04529564775560862 0.01117594064102548
-2.7600000000002183 0.008137753890617612 0.1515094894278364 0.04603754300854195 0.011851098863638436
-2.7000000000007276 0.00850033382609597 0.15868900171009448 0.0474777356973441 0.012593133791395815
-2.639999999999418 0.008887621191786273 0.16634696415616276 0.04973730394568475 0.013411522827541844
-2.5799999999999272 0.009301905493332686 0.17451925000450744 0.05291996577840227 0.01431750516236974
-2.5200000000004366 0.009745746775917514 0.18324365567292916 0.05711196452564028 0.015324520419991808
-2.459999999999127 0.010222014768911554 0.19255969441195234 0.06236023646459288 0.016448715665059593
-2.399999999999636 0.010733934774407785 0.2025081305230037 0.06862061508485212 0.01770966066440957
-2.3400000000001455 0.01128514165608578 0.21313045230295283 0.07567171415473628 0.019131207417292476
-2.280000000000655 0.011879743595552994 0.22446799910281498 0.083014331871283 0.020742654630216618
-2.219999999999345 0.012522397680967842 0.23656079144677833 0.08983283388215693 0.02258019838029731
-2.1599999999998545 0.01321840119726346 0.249446006914259 0.09514462363489362 0.024688931188265834
-2.100000000000364 0.013973794115700397 0.2631560298991287 0.09817883245856208 0.02712562389523453
-2.040000000000873 0.014795495768050412 0.27771593415081564 0.09877062175802402 0.029962777658117713
-1.9799999999995634 0.015691455890828467 0.29314039452445906 0.09744148710604829 0.033294233351841375
-1.9200000000000728 0.01667084628422473 0.3094301013648145 0.09511410190833902 0.03724260575057902
-1.860000000000582 0.017744285900572164 0.326567620317676 0.09273395288593295 0.04196947447220427
-1.7999999999992724 0.018924131254811793 0.3445128376712247 0.09104473514122764 0.04768988057100006
-1.7399999999997817 0.02022481962963216 0.3631984758122563 0.09054895083107219 0.054692936229966856
-1.680000000000291 0.021663302395294792 0.3825258649055565 0.09156557929165987 0.06337056357209991
-1.6200000000008004 0.02325958442278486 0.4023618667185086 0.0943025338231422 0.07425577859851484
-1.5599999999994907 0.025037402102079557 0.422537680666239 0.09890266693314105 0.08806896478199702
-1.5 0.02702508172248385 0.44285041042887824 0.10544810074438705 0.10576035517190512
-1.4400000000005093 0.029256634479164736 0.46306829905233077 0.11391600562621297 0.1285066341591035
-1.3799999999991996 0.03177316459844862 0.482940231385905 0.12408282173928897 0.15754427845770852
-1.319999999999709 0.03462469556861848 0.5022093365802242 0.13538774217516364 0.1935745733165345
-1.2600000000002183 0.03787255999491562 0.5206300650452513 0.14680102515504945 0.23533408757156116
-1.2000000000007276 0.04159255684790329 0.5379867234738787 0.15680315273443704 0.27734347988022834
-1.139999999999418 0.045879164474221926 0.5541111001598074 0.16364806192124404 0.308959121878044
-1.0799999999999272 0.05085122187303197 0.5688960744799083 0.16601751806060647 0.3191288111992411
-1.0200000000004366 0.056659674733079035 0.5823026077473871 0.16376175533706333 0.30557922490924705
-0.9599999999991269 0.06349825794227414 0.5943583227151518 0.15805096427103765 0.2769426388320998
-0.8999999999996362 0.07161840108942301 0.6051474790590555 0.15074835451659113 0.24478425292882017
-0.8400000000001455 0.08135027148314496 0.6147935534669762 0.14361201487645509 0.21673754460939468
-0.7800000000006548 0.09313281892479545 0.6234370751111882 0.1378862639917898 0.19586971598448674
-0.7199999999993452 0.10755710602483191 0.6312120861415865 0.13429716883213855 0.18270427762413965
-0.6599999999998545 0.12542926038294602 0.6382245284904611 0.1332151582148839 0.17691137729340028
-0.6000000000003638 0.14786211451021808 0.6445355384712712 0.13480985760250594 0.1781515074248311
-0.5400000000008731 0.17640743598113293 0.650151713985723 0.1391311297123595 0.18637503709648565
-0.47999999999956344 0.21324080052000527 0.6550234909190877 0.14610171981416106 0.2018224958669817
-0.42000000000007276 0.26139871451857194 0.659051728616322 0.15541783210239554 0.224762718242884
-0.3600000000005821 0.3250116462361425 0.6621017221152948 0.16636701941734142 0.25482493510130605
-0.2999999999992724 0.4092907875513328 0.6640227394481156 0.17763287450299475 0.289733483293959
-0.23999999999978172 0.5195115368581548 0.6646705138747371 0.18728033682784317 0.32373042797084933
-0.18000000000029104 0.6571542919869426 0.6639294429156852 0.19318462743506487 0.3474390244758343
-0.12000000000080036 0.8105513240702062 0.6617311496462964 0.19390104494213614 0.35182957001491705
-0.05999999999949068 0.9425753558089259 0.6580665198226415 0.1894106104370922 0.3348203486963776
0.0 0.9967269503706915 0.6529893839806543 0.18108281184447078 0.3030426181397915
0.05999999999949068 0.9426956418204819 0.6466114727129023 0.1709287284795025 0.26636647133730684
0.12000000000080036 0.8107679673082259 0.6390897976965083 0.16080989387539457 0.23217783534089098
0.18000000000029104 0.6574373705129455 0.6306088328970346 0.15205059593915743 0.2039800760339208
0.23999999999978172 0.5198382702209107 0.6213605285343154 0.14542617817687423 0.18264162826962765
0.2999999999992724 0.4096457781579918 0.6115252128107227 0.14131348253740336 0.1678554415294157
0.3600000000005821 0.3253799626054949 0.601255932948934 0.13984379267463168 0.15901118499697922
0.42000000000007276 0.26175818347072694 0.5906679703232746 0.14099125818798372 0.1555640804154831
0.47999999999956344 0.2135614880358514 0.5798343513880594 0.14458066208958867 0.1571052943368594
0.5400000000008731 0.176664456656975 0.5687873203183214 0.15021681406994677 0.16323521951451994
0.6000000000003638 0.14804965988152052 0.5575250159451302 0.1571559320719087 0.17324171494968088
0.6599999999998545 0.12555838540680872 0.5460220281390619 0.164186804864539 0.18557791703673407
0.7199999999993452 0.10764406077024022 0.5342421107828544 0.16966709075606043 0.19734161955301177
0.7800000000006548 0.09319152047005148 0.5221511304597987 0.1718827047883672 0.20442782625493552
0.8400000000001455 0.08139054540227166 0.5097283776351945 0.16970586628402806 0.20312999736313223
0.8999999999996362 0.0716466630696118 0.4969746907999674 0.16315685060820026 0.1925138701026023
0.9599999999991269 0.06351857265711021 0.4839164164026393 0.15338887007092644 0.1751140184143151
1.0200000000004366 0.05667458908094498 0.47060499806871886 0.14209937584496088 0.155051956959902
1.0799999999999272 0.050862355360931304 0.4571126245522329 0.13085796808569639 0.13574570230450564
1.139999999999418 0.0458875793410423 0.4435251327803253 0.12075191628685837 0.11905365156358313
1.2000000000007276 0.041598986582535934 0.4299335010222379 0.11236736410067957 0.10558565939169383
1.2600000000002183 0.03787752669146373 0.4164253973505767 0.10592862447318606 0.09528573819887046
1.319999999999709 0.03462857480378395 0.40307798205019935 0.10144867595829345 0.08785050585356718
1.3799999999991996 0.0317762276833614 0.38995278256108284 0.09883083260203449 0.08293860801267065
1.4400000000005093 0.029259078488355038 0.3770930634577837 0.09791431109671157 0.08023765595150432
1.5 0.027027050980331178 0.3645236503027098 0.09847372967226331 0.0794425005167702
1.5599999999994907 0.025039003358482276 0.35225292548520964 0.10018609101652123 0.0801684982604808
1.6200000000008004 0.023260897485120183 0.3402764828381792 0.10258471000572283 0.0818181173934574
1.680000000000291 0.021664387574522093 0.3285817265797303 0.10503412861154005 0.08346568182400524
1.7399999999997817 0.02022572298230065 0.3171527194532484 0.10677476379261631 0.08391797409499094
1.7999999999992724 0.018924888304280553 0.3059745941108918 0.10707243386860898 0.08210935114686885
1.860000000000582 0.017744924304775117 0.29503697223238484 0.10543994515607473 0.077680522708992
1.9200000000000728 0.016671387767745835 0.28433603481773645 0.10181122676331529 0.07120681021250475
1.9799999999995634 0.01569191890774972 0.2738751292034727 0.0965461512454999 0.06380059355274253
2.040000000000873 0.014795892677373874 0.2636640393284771 0.09026293249352614 0.05650218425627364
2.100000000000364 0.013974135973695177 0.2537172384622114 0.08361560266079669 0.04995789472186037
2.1599999999998545 0.01321869695409838 0.2440515549273916 0.07713623130893571 0.04443148577144982
2.219999999999345 0.012522655820170037 0.23468369523098156 0.07117891510549341 0.0399474408242745
2.280000000000655 0.011879968800085667 0.2256280406213345 0.06593575328939913 0.03642077501046238
2.3400000000001455 0.011285338862886463 0.2168949244023787 0.061480762432104964 0.03373427458625148
2.399999999999636 0.010734108075201365 0.20848963448964997 0.05781275286169801 0.03177223165894463
2.459999999999127 0.010222167572078826 0.20041209365128307 0.05488564994580104 0.030426573207642492
2.5200000000004366 0.00974588079181316 0.19265720981425025 0.05262499618897286 0.029585444993917836
2.5799999999999272 0.00930202437605376 0.18521568669311117 0.050933584334146895 0.02911013529116433
2.639999999999418 0.008887726953275546 0.17807522038405094 0.049690763434812234 0.028809406934156095
2.7000000000007276 0.008500428172128321 0.17122182057719507 0.048751086174591424 0.02843316350848542
2.7600000000002183 0.008137838273216673 0.16464110000592624 0.047948747749385075 0.027717745298015118
2.819999999999709 0.007797904571634807 0.15831940176948073 0.047112961343553396 0.026488396029963387
2.8799999999991996 0.0074787826750328384 0.1522445739781414 0.046094052018355786 0.024752006153858724
2.9400000000005093 0.0071788116846320344 0.146406438396594 0.04479187375991519 0.02268725594836394
3.0 0.00689649276775201 0.1407968729950892 0.04317330397990079 0.020536033618830923
3.0599999999994907 0.006630470586471766 0.13540958820929838 0.041269928433238144 0.018495257383397957
3.1200000000008004 0.0063795171571398405 0.13023970876205657 0.039158209662647825 0.016675479292249454
3.180000000000291 0.006142517784785852 0.12528319205628746 0.036933017861080004 0.015113957462373885
3.2399999999997817 0.005918457601090707 0.12053628280487289 0.03468539833203219 0.013804420105700257
3.2999999999992724 0.005706415588062663 0.11599500447443736 0.03248967287895449 0.012721490567761562
3.360000000000582 0.0055055477830979185 0.11165479997917117 0.03039923159563535 0.011835008108174207
3.4200000000000728 0.005315083969951735 0.10751027019503386 0.028447830820183147 0.011116552742548028
3.4799999999995634 0.005134319056897372 0.10355509977713352 0.026653252810735235 0.010541225557666924
3.540000000000873 0.004962606589790668 0.09978213417349999 0.025021279907578103 0.010086664647556424
3.600000000000364 0.0047993530056558795 0.09618346827382283 0.023548989615107648 0.009730243195489591
3.6599999999998545 0.004644012530669553 0.09275070751854847 0.0222271178986343 0.009445097690186659
3.719999999999345 0.004496082645367024 0.08947526666613755 0.021041634475858096 0.009196473649530168
3.780000000000655 0.004355100037318222 0.08634853446837726 0.01997487175439454 0.008941822435768729
3.8400000000001455 0.004220636995652237 0.08336219328596221 0.01900660972516809 0.008638978810225163
3.899999999999636 0.004092298180590879 0.0805083937060702 0.018115492800972677 0.008261923547798927
3.959999999999127 0.003969717731589827 0.07777988872273657 0.017280860295153574 0.007813495431349652
4.020000000000437 0.0038525566716867245 0.07517009523847601 0.01648477354034548 0.0073224425219774085
4.079999999999927 0.0037405005742950103 0.07267310628249672 0.015713720268746355 0.006826611865781169
4.139999999999418 0.0036332574625154122 0.0702836465075394 0.014959442310089876 0.006356687620965382
4.200000000000728 0.0035305559153412766 0.06799694380068001 0.014218713544567238 0.0059298534849255334
4.260000000000218 0.00343214335661563 0.06580865585805737 0.013492234181010993 0.00555165128672859
4.319999999999709 0.003337784508653096 0.06371473804432277 0.012783138564378158 0.0052205290878096005
4.3799999999992 0.0032472599911101217 0.06171138205742169 0.012095586613396924 0.004931709898107354
4.440000000000509 0.0031603650506362518 0.0597948732001835 0.011433712457946017 0.004679553520937243
4.5 0.003076908406993026 0.057961573826156604 0.010800982833689866 0.004458722618923482
4.559999999999491 0.002996711204396487 0.056207877461086325 0.0101999172520202 0.004264611015966836
4.6200000000008 0.002919606056144804 0.05453018520792805 0.009632035491696429 0.004093405110349288
4.680000000000291 0.002845436174278984 0.05292494623088477 0.009097935412904856 0.003941943970663023
4.739999999999782 0.0027740545749804792 0.05138861354457926 0.00859742719400977 0.003807485645052747
4.799999999999272 0.0027053233527600785 0.04991770760253966 0.008129681620083509 0.0036873730450317516
4.860000000000582 0.002639113016245646 0.04850883284153596 0.007693371630494284 0.0035786329101449594
4.920000000000073 0.0025753018802220436 0.047158700866136556 0.0072867999082195795 0.0034776279394809076
4.979999999999563 0.002513775508095287 0.045864167118778304 0.0069080133784306915 0.0033800067543832773
5.040000000000873 0.0024544262001789108 0.044622259492989085 0.006554909333688484 0.0032813827462954705
5.100000000000364 0.002397152523928411 0.04343015758020895 0.006225337376199313 0.0031787305102435677
5.1599999999998545 0.0023418588814180857 0.0422852349071067 0.00591719670821436 0.003071675881235459
5.219999999999345 0.0022884551115945027 0.04118504050322351 0.005628521969598362 0.0029624837838121746
5.280000000000655 0.002236856123746455 0.040127332159705126 0.005357547162657533 0.002854638778440441
5.3400000000001455 0.0021869815593100078 0.039110004655276316 0.005102739443364407 0.0027512079592540515
5.399999999999636 0.002138755479820635 0.03813111585245945 0.004862801755041134 0.0026540363205007265
5.459999999999127 0.0020921060783955408 0.03718885867898276 0.004636650920284526 0.0025637670408226267
5.520000000000437 0.002046965413359925 0.036281543606563375 0.0044233816700368685 0.002480254932578792
5.579999999999927 0.002003269161108314 0.035407573031835525 0.004222226414985789 0.002402961120181547
5.639999999999418 0.001960956387663979 0.03456546552606778 0.004032517505734812 0.0023312170155648545
5.700000000000728 0.00191996933670518 0.0337537851268591 0.0038536556809717804 0.002264363972949189
5.760000000000218 0.0018802532327520593 0.0329711731504088 0.003685086301949932 0.0022018127270570153
5.819999999999709 0.00184175609870541 0.03221633123502602 0.0035262810329577095 0.0021430599642234937
5.8799999999992 0.001804428586041209 0.03148801683682519 0.003376739127510071 0.002087685036033615
5.940000000000509 0.001768223817028659 0.030785040227222647 0.003235965747342545 0.002035338778121905
6.0 0.0017330972378192297 0.030106262550982116 0.003103491538827978 0.001985729686374022
