-10.0 0.0006246085060883474 0.014130296050958568 0.0009676046028478199 0.00091391854465788
-9.899999999999636 0.000637282483374823 0.01454371979195984 0.000998423091252801 0.0009419184360738553
-9.799999999999272 0.0006503460783190784 0.014977529764118968 0.0010309334068814055 0.0009714004232604825
-9.700000000000728 0.0006638154224024425 0.015433209865164632 0.001065272974028382 0.0010024813749778159
-9.600000000000364 0.0006777074905607065 0.015912373863863724 0.0011015942481839083 0.0010352906652127806
-9.5 0.0006920401545217918 0.01641676061653173 0.0011400667983680148 0.0010699718798783796
-9.399999999999636 0.0007068322404327504 0.01694831252420082 0.0011808797400508948 0.0011066848083081686
-9.299999999999272 0.0007221035904941192 0.017509157643626164 0.0012242445887348061 0.0011456077761890135
-9.200000000000728 0.0007378751295542629 0.018101654120176103 0.0012703986198473142 0.0011869403894319195
-9.100000000000364 0.0007541689367437076 0.018728387685936865 0.001319608841311096 0.0012309067748052407
-9.0 0.0007710083226983087 0.019392222005355054 0.001372176710793291 0.001277759424700532
-8.899999999999636 0.0007884179129423479 0.020096357882269433 0.0014284438598890091 0.0013277837792846552
-8.799999999999272 0.0008064237377974361 0.020844355146521776 0.0014887983510299108 0.0013813037148778136
-8.700000000000728 0.0008250533297060807 0.02164015117858923 0.0015536837744730303 0.001438688151135685
-8.600000000000364 0.0008443358284066611 0.02248817695864787 0.001623608109479095 0.001500359048631264
-8.5 0.0008643020948441047 0.023393383667256667 0.0016991561857596827 0.0015668011452349864
-8.399999999999636 0.0008849848345186003 0.024361328158782593 0.0017810042493777607 0.001638573880427109
-8.299999999999272 0.0009064187314452908 0.02539827164130312 0.0018699380287365906 0.0017163260938521062
-8.200000000000728 0.0009286405934255671 0.026511239881227798 0.0019668751364915757 0.0018008142662588199
-8.100000000000364 0.0009516895100015293 0.027708203015229547 0.002072893037152222 0.0018929253197755508
-8.0 0.00097560702426698 0.028998172009257882 0.00218926421470332 0.001993705336031134
-7.899999999999636 0.0010004373199443042 0.030391376403388477 0.0023175007302156346 0.0021043960229797935
-7.799999999999272 0.0010262274255244325 0.03189940613502658 0.002459411131706759 0.0022264814243130224
-7.700000000000728 0.0010530274358153634 0.03353547631519813 0.0026171737606402357 0.0023617483039683205
-7.600000000000364 0.0010808907570826825 0.03531462260517448 0.002793437328546493 0.0025123649856363776
-7.5 0.0011098743709020767 0.037253970138002274 0.0029914256785138296 0.0026809906240375073
-7.399999999999636 0.0011400391263110036 0.03937301560258668 0.0032151354398650927 0.002870894024741666
-7.299999999999272 0.0011714500588018077 0.0416939335736935 0.0034695290244424783 0.003086172729765493
-7.200000000000728 0.001204176740582422 0.044241826260410476 0.0037608548040557934 0.003331981133807394
-7.100000000000364 0.0012382936655707284 0.04704504121954312 0.004097055776321242 0.0036149060577374465
-7.0 0.001273880673029092 0.05013529840473096 0.004488323681137506 0.0039434654768130606
-6.899999999999636 0.0013110234142507783 0.053547693308319 0.004947935007729386 0.0043288108839447
-6.799999999999272 0.0013498138675981657 0.057320392809686 0.0054933832540579545 0.004785807801912958
-6.700000000000728 0.0013903509074749975 0.06149377208091628 0.006148033243012744 0.005334580946825665
-6.600000000000364 0.001432740933824395 0.06610886497135386 0.006943565554109589 0.00600289604339123
-6.5 0.0014770985698586245 0.07120446831180186 0.007923568083640892 0.006829833335003665
-6.399999999999636 0.0015235474360929242 0.07681271225009868 0.009148901305645826 0.00787165252748806
-6.299999999999272 0.0015722210110508904 0.08295225157743279 0.01070575631148071 0.009211283424525419
-6.200000000000728 0.0016232635891989477 0.08961888107579005 0.01271753110703571 0.010974063154750293
-6.100000000000364 0.0016768313494299506 0.09677343520718168 0.015361746859217741 0.013354221887609123
-6.0 0.001733093548566793 0.10432802727504788 0.01889140973597173 0.016659247359069332
-5.899999999999636 0.0017922338570059385 0.11213355350317755 0.023652894773319624 0.021380608818349925
-5.799999999999272 0.0018544518562104105 0.11997340276107837 0.03006785077617818 0.028285294335030183
-5.700000000000728 0.0019199672222819648 0.12757058444375788 0.038483111079391855 0.03842847088893335
-5.600000000000364 0.001989011788285449 0.13461481460898336 0.04869539805487683 0.05260146046914737
-5.5 0.0020618461773263055 0.1408109953598715 0.05907473920784316 0.06894537501414483
-5.399999999999636 0.002138752706340428 0.1459406805510673 0.06623211072738802 0.07945951720568069
-5.299999999999272 0.0022200404581759104 0.1499175778417225 0.06719026626640191 0.07592610245229536
-5.200000000000728 0.002306048384274625 0.15281543011678753 0.062487409211088266 0.06268354757679853
-5.100000000000364 0.002397148828673499 0.15485589627438875 0.05533316240978005 0.04910411555471712
-5.0 0.0024937515613541105 0.15636119065361084 0.048483730200532336 0.03906073268829104
-4.899999999999636 0.0025963083707208866 0.1576899381334712 0.043155479512936586 0.03255476279665393
-4.799999999999272 0.002705318341945319 0.15917660992778537 0.03958147843117771 0.0287403904248724
-4.700000000000728 0.0028213339189619357 0.16108724662039667 0.037643068138460765 0.026938663485736994
-4.600000000000364 0.0029449678919889017 0.16359391949860091 0.0371801649313773 0.026785402960377385
-4.5 0.0030769014759424998 0.16676413548719546 0.03809064670995623 0.028198372931085392
-4.399999999999636 0.0032178936768513387 0.170560472606317 0.04033169367196458 0.03134505488764667
-4.299999999999272 0.003368792188443851 0.1748485541656335 0.04386691699828004 0.03662952388660639
-4.200000000000728 0.0035305461083722815 0.1794147664455487 0.04855550106393891 0.04460561240444649
-4.100000000000364 0.003704220831775977 0.183996864715759 0.05397926666162086 0.055523139930096437
-4.0 0.0038910155565697368 0.1883282634815454 0.05928528773682805 0.06797607699595519
-3.899999999999636 0.004092283937515854 0.19219061028253928 0.06327569716359654 0.07721099441460781
-3.7999999999992724 0.004309558552040131 0.19546186833844023 0.06494772585133896 0.07757624562050326
-3.7000000000007276 0.004544580002028306 0.19814386789424412 0.06416368307399958 0.06957826330550568
-3.600000000000364 0.004799331682008416 0.20035835571029778 0.06172975430113567 0.05906070310833661
-3.5 0.0050760815078714485 0.20231198855698623 0.05881160808933127 0.05032600055616753
-3.399999999999636 0.005377432242644136 0.20424229231684618 0.05635674010444261 0.044623935321936835
-3.2999999999992724 0.005706382500234222 0.20636123764428102 0.05491442488590102 0.04186280612571407
-3.2000000000007276 0.006066401091317691 0.20881033265757049 0.05471545598878599 0.04177604729714767
-3.100000000000364 0.006461518145631229 0.21163492205512682 0.055784786150421685 0.04430241217922736
-3.0 0.006896437469430161 0.214780169392818 0.057986887535242705 0.049596453133287914
-2.899999999999636 0.007376675972561804 0.2181082483270661 0.06100216701257092 0.057748198132605844
-2.7999999999992724 0.007908737859732706 0.2214341546441966 0.0642897493381769 0.06797668487355457
-2.7000000000007276 0.00850033382682982 0.22457378537776518 0.06713679556968419 0.07735485927906623
-2.600000000000364 0.00916065900982902 0.22739317704758738 0.0688796789096634 0.08117186562298159
-2.5 0.00990074832947872 0.22984440023948793 0.06922358893151075 0.07733886886354625
-2.399999999999636 0.010733934775328491 0.23197579347878827 0.06840444175257038 0.06908287069753481
-2.2999999999992724 0.01167644601634568 0.23391268240046456 0.06703582441969227 0.0609308028411409
-2.2000000000007276 0.012748188955361242 0.23581563505812783 0.06579416407020643 0.05528052294028732
-2.100000000000364 0.013973794116905944 0.2378307965426751 0.0651865610035714 0.052764000549735235
-2.0 0.01538401295028061 0.24004783390013312 0.06547223515704173 0.05341764558838412
-1.8999999999996362 0.01701763800674227 0.24247683083693275 0.06666676851368174 0.05722953606787346
-1.7999999999992724 0.018924131256420895 0.24504932269333998 0.06855892514371374 0.06406562629234269
-1.7000000000007276 0.0211673323817425 0.24764252715232324 0.07073542976687772 0.07300134057405365
-1.6000000000003638 0.023830724674307264 0.2501199230224914 0.07266277650829207 0.08130057674480347
-1.5 0.027025081724780693 0.25237599777531294 0.07386457914249603 0.08481873175353856
-1.3999999999996362 0.030899776160875324 0.25437024947275283 0.07413623089223566 0.08162722110459482
-1.2999999999992724 0.03565986974682135 0.2561381096075478 0.07364611757175799 0.0743660761871873
-1.2000000000007276 0.04159255685145177 0.25777478154999595 0.07283600272428192 0.0671318920540604
-1.1000000000003638 0.04910915361350775 0.2593985667934745 0.07220543771999363 0.062372911603794996
-1.0 0.05881368551069448 0.2611077821299546 0.07212767876771058 0.06092167543575127
-0.8999999999996362 0.07161840109555319 0.2629467179317529 0.07275871213356022 0.06293579324967373
-0.7999999999992724 0.08894468432018016 0.2648918733717354 0.07401621350414786 0.068282187622104
-0.7000000000007276 0.1130838202627104 0.2668625071878587 0.07560213130298211 0.07616659444826746
-0.6000000000003638 0.1478621145228476 0.2687515860543263 0.07708137917068086 0.08423729193186279
-0.5 0.19987523621676595 0.27046612110189916 0.07803691797911386 0.08857107697061418
-0.3999999999996362 0.2806476584432447 0.27196182370800026 0.07825947743685725 0.0865931357212665
-0.2999999999992724 0.4092907875862336 0.2732583020461747 0.07785502520348483 0.08004610127058545
-0.2000000000007276 0.6085299521772785 0.2744287231146634 0.07718467707427785 0.07293739132922997
-0.1000000000003638 0.8596018208111282 0.2755684071824403 0.07668452404946301 0.0681173949690345
0.0 0.996726950455231 0.27675553527259045 0.07668669983491695 0.06673446803165868
0.1000000000003638 0.8597897744518631 0.27801971803538067 0.07731329756101386 0.0690521131492776
0.2000000000007276 0.6088296546020289 0.27933044509432314 0.07844378413711159 0.07482255366730119
0.2999999999992724 0.4096457781929859 0.28060962229669045 0.07974619477256749 0.082817495944201
0.3999999999996362 0.2810131554919198 0.2817633019347796 0.0807860817875916 0.08998808781276703
0.5 0.20017669263342713 0.28272001252532714 0.0812118850316777 0.09225075144174566
0.6000000000003638 0.14804965989412575 0.28345974347027975 0.08093777109082564 0.08818712647191028
0.7000000000007276 0.11318309274368586 0.28402095305052627 0.0801962750757109 0.08077290030374715
0.7999999999992724 0.08899634247741774 0.284482387289638 0.07941643151307914 0.07405106207082707
0.8999999999996362 0.07164666307569197 0.28492765330752146 0.07901981350065007 0.07037289122082173
1.0 0.05883018244310519 0.2854079595224764 0.07925352926653444 0.07056133305107493
1.1000000000003638 0.04911928242331958 0.28591865946369815 0.08010463506260698 0.07469119083663707
1.2000000000007276 0.041598986586092734 0.28639944129099726 0.08129082565253166 0.08207797227334905
1.2999999999992724 0.03566407688850914 0.2867583664248445 0.08233882949873036 0.09039607971367716
1.3999999999996362 0.030902613968070126 0.28691015590182206 0.08277329407405529 0.0952991195832104
1.5 0.02702705098262857 0.2868124890526174 0.08236494417467372 0.09332164718244282
1.6000000000003638 0.023832126262928414 0.2864840118391354 0.08127819931516643 0.08588849842419773
1.7000000000007276 0.021168352419697476 0.2859953756023161 0.07999280413813792 0.07758510404579012
1.7999999999992724 0.018924888305895025 0.28543681848072133 0.07906376560887442 0.07186106423979405
1.8999999999996362 0.017018209686734925 0.2848763933943022 0.07888803992017411 0.07012362479550008
2.0 0.015384452550484654 0.28432686746751173 0.07956524243041599 0.07272953642369165
2.100000000000364 0.01397413597487248 0.28373553522576445 0.08084135248409507 0.0794454090066789
2.2000000000007276 0.012748459344655226 0.28300197563921287 0.0821373302241688 0.08873918792021972
2.2999999999992724 0.011676661385257166 0.28201750032324135 0.08273027783670679 0.09649040983393367
2.399999999999636 0.010734108076136693 0.28071038495824824 0.08210958227759717 0.0972890920794174
2.5 0.009900887898836752 0.2790771160584835 0.08031303061790401 0.09008863431208176
2.600000000000364 0.009160773311553606 0.27718483037845026 0.07794207453017096 0.07965519652068762
2.7000000000007276 0.008500428172851075 0.2751426058552718 0.07583860120408784 0.07095986171454019
2.7999999999992724 0.007908816300428794 0.2730531327761875 0.07471660868927184 0.06625263092244466
2.899999999999636 0.007376741628594706 0.2709645611847581 0.07495407886888074 0.06613322374786082
3.0 0.006896492768338872 0.2688419837260198 0.07649804243061469 0.07077082418609262
3.100000000000364 0.006461564992554609 0.2665706552528596 0.07877681881020386 0.07992984949131281
3.2000000000007276 0.006066439748854374 0.2639918181043526 0.08067720672720698 0.09152102385073425
3.2999999999992724 0.005706415588558969 0.2609596963796913 0.08085928813818527 0.09957511518131014
3.399999999999636 0.00537746069868631 0.2573983735629211 0.07853582545921134 0.09719968599835481
3.5 0.005076106089479315 0.25333485555820817 0.07412340785114993 0.0853218518629865
3.600000000000364 0.00479935300611264 0.2488929498409642 0.06898318356512398 0.07139730733806109
3.7000000000007276 0.004544598573799783 0.24424878026273616 0.06456790546649224 0.06061254964214681
3.7999999999992724 0.0043095747874639274 0.23956397014677283 0.06188742061836054 0.05433379024888597
3.899999999999636 0.004092298180933805 0.23491958587465897 0.06150120663192583 0.05251162626807198
4.0 0.0038910280945351193 0.23027142461305103 0.06367146953853349 0.05517910775180398
4.100000000000364 0.003704231903897195 0.2254402610127051 0.0683254165281832 0.06285447890571376
4.200000000000728 0.0035305559156585745 0.22014247317535668 0.07459432366677198 0.0760224642097041
4.299999999999272 0.0033688009005918298 0.21405704662242522 0.07999435859361978 0.09255050768072881
4.399999999999636 0.003217901437623919 0.2069131492759033 0.08053559044978773 0.10310347122418545
4.5 0.0030769084072623082 0.19857128273571162 0.07375175598201947 0.09635480990327146
4.600000000000364 0.0029449740981945137 0.18906901431356685 0.06176783492320076 0.07650689785521585
4.700000000000728 0.0028213394892382866 0.17861479727088878 0.04895558434128829 0.05628190470133643
4.799999999999272 0.0027053233529944977 0.16753603367066036 0.03806079199722875 0.041107204799819594
4.899999999999636 0.00259631288862052 0.15620562039114383 0.029709271497156617 0.03072076862586778
5.0 0.0024937556433028665 0.14497462149598736 0.023546650739319254 0.02367898285802848
5.100000000000364 0.002397152524140857 0.13412823159784615 0.01902301526208598 0.018808250417933804
5.200000000000728 0.002306051735551862 0.12386832554804368 0.015668287967548405 0.01533982019170102
5.299999999999272 0.0022200435046354394 0.11431624797010516 0.013138518930803504 0.01279499548176713
5.399999999999636 0.002138755480003908 0.10552680401477016 0.011194897833220571 0.010875339121248226
5.5 0.0020618487069623335 0.09750574331017652 0.009673704195969851 0.009391022032139066
5.600000000000364 0.0019890140992036686 0.09022614875597643 0.008462168868362333 0.008218114527984006
5.700000000000728 0.0019199693368771996 0.08364160759466012 0.007481663105252327 0.007273503916643992
5.799999999999272 0.001854456134290351 0.07769590129219081 0.006676496385286411 0.006500007749886028
5.899999999999636 0.0017922378272151572 0.07232952800379867 0.006006582415818534 0.005857327567596233
6.0 0.0017330972379763685 0.06748380944056942 0.005442574700619063 0.0053164517792073165
6.100000000000364 0.0016768347822963669 0.06310331383234657 0.0049626613327157015 0.004856063519700458
6.200000000000728 0.001623264302086887 0.05913702953185838 0.004550372296029635 0.004460223257703385
6.299999999999272 0.001572221668980663 0.05553889327774541 0.004193110370489003 0.004116812674199351
6.399999999999636 0.0015235480441196769 0.052267742941350434 0.0038810991567556847 0.003816488999196911
6.5 0.0014770991324219624 0.04928711420582829 0.0036066748809440827 0.003551940648498078
6.600000000000364 0.0014327414549895924 0.04656485609641581 0.0033637480288177704 0.0033173794453064177
6.700000000000728 0.0013903513907979237 0.04407270423768728 0.0031474350050501405 0.0031081779875836244
6.799999999999272 0.0013498143163621793 0.04178584809305892 0.002953785507750585 0.002920584791311621
6.899999999999636 0.001311023831368775 0.03968251824365507 0.0027795702636871536 0.002751542778744203
7.0 0.0012738810611497983 0.03774360687472383 0.0026221310889906493 0.0025985338132205327
7.100000000000364 0.001238294027085736 0.03595232677911184 0.0024792562285509308 0.0024594602172951846
7.200000000000728 0.001204177077643035 0.03429390960930434 0.0023490963465231164 0.002332573550741695
7.299999999999272 0.0011714503733762916 0.03275534156979678 0.0022300962715857014 0.002216399131364467
7.399999999999636 0.0011400394201658227 0.03132512381360257 0.0021209460305978292 0.002109688081872225
7.5 0.001109874645658003 0.029993112516886102 0.002020517436109096 0.00201137097508375
7.600000000000364 0.0010808910142495417 0.028750287061942492 0.0019278484353424535 0.0019205326623707207
7.700000000000728 0.0010530276766622453 0.02758864217906392 0.0018421103725498214 0.0018363839992079016
7.799999999999272 0.001026227651103322 0.02650104974733311 0.0017625860164307296 0.001758241145874057
7.899999999999636 0.0010004375317798715 0.025481138858806453 0.0016886517326690892 0.0016855087780536769
8.0 0.0009756072231887321 0.024523240034619736 0.001619762928184817 0.001617666378752182
8.100000000000364 0.0009516896969351964 0.02362224313738774 0.0015554420954980517 0.0015542569776794846
8.200000000000728 0.0009286407692319172 0.02277356700544687 0.0014952689371390945 0.0014948778468848853
8.299999999999272 0.0009064188969083673 0.02197307777605487 0.0014388721641933212 0.0014391727703309556
8.399999999999636 0.0008849849903596576 0.02121707550970843 0.0013859226505827014 0.0013868255879808708
8.5 0.0008643022417245418 0.02050218685351456 0.00133612769102661 0.0013375547771593084
8.600000000000364 0.0008443359669536134 0.019825366030501335 0.0012892261625905505 0.0012911088835872691
8.700000000000728 0.0008250534604609607 0.01918383944995534 0.001244984430500458 0.0012472626514173678
8.799999999999272 0.0008064238612844868 0.018575114097569168 0.0012031928664730314 0.0012058137315326997
8.899999999999636 0.0007884180296472516 0.017996890789090576 0.0011636628806839606 0.001166579870377506
9.0 0.0007710084330661246 0.017447071205879235 0.0011262243773930848 0.0011293964999128073
9.100000000000364 0.0007541690411770056 0.016923757160779124 0.0010907235686957912 0.00109411466389847
9.200000000000728 0.0007378752284412225 0.01642521031688371 0.0010570210880758314 0.0010605992272083944
9.299999999999272 0.0007221036841719588 0.015949807771185858 0.0010249903578990753 0.0010287273246074777
9.399999999999636 0.000706832329253531 0.015496097883976531 0.0009945161717482634 0.000998387012305133
9.5 0.0006920402387483272 0.01506271600700183 0.0009654934597449348 0.0009694760925084234
9.600000000000364 0.0006777075704807411 0.014648405070150455 0.000937826210016746 0.0009419010855680462
9.700000000000728 0.0006638154982894742 0.014252034285017283 0.0009114265239119502 0.0009155763286697977
9.799999999999272 0.0006503461504257302 0.013872520306040357 0.0008862137861202155 0.0008904231834354699
9.899999999999636 0.0006372825519171129 0.013508890543070036 0.000862113933828602 0.000866369337381046
10.0 0.0006246085712579751 0.013160243064776079 0.0008390588115513374 0.0008433481866071802
