-7.0 0.0012738837338235726 0.02895680898185147 0.0026002154633410885 0.0018679239205754356
-6.92999999999995 0.0012997150895998608 0.02966894981639978 0.0027047427412002904 0.0019154647823462021
-6.860000000000014 0.0013263398292470262 0.03040780570273104 0.002815171079811399 0.001964877659281785
-6.789999999999964 0.001353790764220598 0.031174730744812085 0.0029333597876949483 0.0020162637310850652
-6.720000000000027 0.0013821024190048623 0.03197116566781255 0.0030617854144952454 0.002069731201152728
-6.649999999999977 0.001411311139636674 0.03279864450406008 0.003203357536614957 0.0021253958975136662
-6.580000000000041 0.0014414552101603766 0.03365880188279346 0.0033612636487287003 0.0021833819338442383
-6.509999999999991 0.0014725749778748242 0.03455338098339748 0.0035389362507393454 0.0022438224397976604
-6.440000000000055 0.0015047129881970087 0.03548424222097551 0.0037399180934884054 0.002306860368008281
-6.3700000000000045 0.001537914129853267 0.03645338287522626 0.003967604601101612 0.0023726519424153267
-6.2999999999999545 0.0015722257914202557 0.037462907822602434 0.004224563490823707 0.0024413575696886434
-6.230000000000018 0.0016076980301117567 0.03851509920821276 0.004511361786984016 0.0025131578581708788
-6.159999999999968 0.0016443837541466858 0.03961239081939049 0.00482503372614382 0.002588245024757957
-6.090000000000032 0.001682338919631546 0.04075739114243736 0.005157953860036464 0.0026668266813207673
-6.019999999999982 0.0017216227449101398 0.04195289840566892 0.00549866871626715 0.0027491273608130497
-5.9500000000000455 0.0017622979351586863 0.0432019171380906 0.005835985908884459 0.002835392764385145
-5.8799999999999955 0.0018044335488317873 0.04450767639235386 0.006165316620128174 0.002925881666280431
-5.809999999999945 0.0018480949650662782 0.04587364982304254 0.006493370019323571 0.003020882805253348
-5.740000000000009 0.0018933594380767709 0.0473035778388086 0.006837873635815653 0.0031207076305360022
-5.669999999999959 0.001940306363095117 0.048801492064042995 0.007223219972462698 0.003225695401102975
-5.600000000000023 0.0019890201093131104 0.05037174236500119 0.007675783102506509 0.003336216261470737
-5.529999999999973 0.0020395903974317967 0.05201902675906273 0.008221383489375591 0.0034526747245696736
-5.460000000000036 0.0020921127125227827 0.05374842452505284 0.008884579517132594 0.0035755136277293566
-5.389999999999986 0.002146688753600682 0.05556544324395822 0.009687807916788697 0.00370521863547706
-5.32000000000005 0.0022034269249871065 0.0574760244474872 0.010648079841949622 0.0038423233789072254
-5.25 0.0022624428718424584 0.05948662743329147 0.011769110090109967 0.003987417954029785
-5.17999999999995 0.002323860077010318 0.06160427078720936 0.013028449267570963 0.004141145482811051
-5.110000000000014 0.0023878104874424876 0.06383657824099279 0.01436421746146536 0.004304224762973156
-5.039999999999964 0.002454435239588297 0.06619184546573897 0.01567478145395947 0.0044774495346197206
-4.970000000000027 0.0025238854270721272 0.06867910913055361 0.016847597645366703 0.004661701228278103
-4.899999999999977 0.0025963229570811048 0.07130822376496103 0.017813805933293795 0.004857961045216497
-4.830000000000041 0.0026719214918924116 0.0740899473126056 0.018591887316127282 0.005067324050747224
-4.759999999999991 0.0027508674867032777 0.0770360465146266 0.01928431086932328 0.005291018319869697
-4.690000000000055 0.0028333613368227914 0.0801593638210213 0.02003624669724574 0.005530413938634278
-4.6200000000000045 0.002919618645609534 0.08347399129481635 0.02099487030452639 0.005787060722941809
-4.5499999999999545 0.003009871629405334 0.08699536519248544 0.022291448337578477 0.0060627055926000374
-4.480000000000018 0.0031043706760856497 0.09074041947138672 0.024041518242945738 0.006359329623971873
-4.409999999999968 0.0032033860765201035 0.09472774589902565 0.02634813422661162 0.006679176526432137
-4.340000000000032 0.003307209951506241 0.09897777044363766 0.029293741058884794 0.0070248129369799425
-4.269999999999982 0.003416158399624048 0.10351295830805093 0.032907432258591676 0.0073991776072800325
-4.2000000000000455 0.0035305738954680642 0.10835798160365555 0.03709796536390544 0.007805640344326583
-4.1299999999999955 0.0036508279720623422 0.11354000970356626 0.041565120655915534 0.008248101345853742
-4.059999999999945 0.0037773242265236756 0.11908891456216003 0.045760408488566086 0.008731071099985862
-3.990000000000009 0.00391050169462511 0.12503753850028151 0.04902204493117435 0.009259814398841798
-3.919999999999959 0.004050838645931009 0.13142197395097407 0.05091125067250043 0.009840486937640355
-3.8500000000000227 0.004198856861542778 0.13828178637573957 0.051505566953093405 0.010480348812924839
-3.7799999999999727 0.004355126465422214 0.14566033795312988 0.05135455546865544 0.011188002916442832
-3.7100000000000364 0.004520271388801934 0.15360497798020672 0.05117027253056693 0.01197369464174512
-3.6399999999999864 0.004694975577430958 0.16216724449505265 0.05156528497799393 0.012849726191973292
-3.57000000000005 0.004879990035771517 0.17140290807794298 0.05297959049242612 0.013830965820084553
-3.5 0.005076142131925071 0.18137199375453925 0.055726806694405356 0.014935515759392764
-3.42999999999995 0.005284339753405992 0.19213850286512035 0.06005623321015807 0.01618562172411152
-3.3600000000000136 0.005505589274161618 0.2037698474511025 0.06616950402983439 0.017608857490854113
-3.2899999999999636 0.005741002700423521 0.21633596263961527 0.07415211763164707 0.01923973879771497
-3.2200000000000273 0.005991812786944141 0.229907781745412 0.08378004045934974 0.021121884329577633
-3.1499999999999773 0.006259389083475507 0.2445550227394848 0.09420380215296043 0.0233109298216216
-3.080000000000041 0.006545256521602958 0.26034303422032934 0.10370803600995257 0.025878333274033553
-3.009999999999991 0.006851117006006412 0.27732841286475296 0.11005521574242823 0.028916617849716473
-2.9400000000000546 0.00717887458205971 0.2955532944274832 0.11171777133590721 0.03254775255251793
-2.8700000000000045 0.0075306648671979205 0.3150379504155525 0.1090661814890829 0.0369370138061378
-2.7999999999999545 0.007908889591732539 0.33577175195298975 0.10409573087566672 0.04231250431003075
-2.730000000000018 0.008316257284828694 0.35770263335818964 0.09906570266919254 0.04899133853911107
-2.659999999999968 0.008755831383455936 0.3807256496764598 0.09556398787955685 0.057418949410400384
-2.590000000000032 0.00923108734799091 0.404671799237868 0.09443986266240394 0.06822942846245712
-2.519999999999982 0.009745980757219734 0.429299012647462 0.09611207462545521 0.08233344653860757
-2.4500000000000455 0.01030502885371849 0.454287955783876 0.10084093734961681 0.10103454937113851
-2.3799999999999955 0.01091340864996839 0.4792457918285216 0.10884353540832009 0.1261441111724041
-2.3099999999999454 0.011577075537581652 0.5037209018300614 0.12023160341330633 0.15995372087396126
-2.240000000000009 0.01230290742245633 0.527230350974831 0.13472857493988202 0.20460320674373578
-2.169999999999959 0.013098880830868482 0.5492993819826326 0.1511271861090479 0.25974931191728773
-2.1000000000000227 0.01397428731042974 0.5695086885461526 0.1667098184026124 0.3174504123201291
-2.0299999999999727 0.014940000955038921 0.5875416303658589 0.17751534136381233 0.3582611087452226
-1.9600000000000364 0.016008811248342813 0.6032213758105809 0.18040083970019385 0.36203795365875374
-1.8899999999999864 0.01719583998068338 0.6165285572832278 0.17549389325565928 0.3300755786287593
-1.82000000000005 0.018519067229539592 0.6275937914185743 0.16591383487070677 0.2831856393762098
-1.75 0.019999999997346113 0.6366653190808003 0.15527590117826046 0.2397038189970844
-1.67999999999995 0.02166452909644663 0.6440579839731355 0.14608409849304932 0.2071120370796538
-1.6100000000000136 0.0235440367620748 0.650093751837122 0.13967703352935237 0.1862998961700247
-1.5399999999999636 0.02567684153752657 0.6550449866842638 0.13670077156192645 0.17618545351134077
-1.4700000000000273 0.02811010163886432 0.6590900946314259 0.137493777566022 0.17580089768577878
-1.3999999999999773 0.03090234856886442 0.6622880647464574 0.1422760933964547 0.18489599495117867
-1.330000000000041 0.034126897442559645 0.6645749941522878 0.15115306937352557 0.20389632504481947
-1.259999999999991 0.03787649231610091 0.6657824377092687 0.16391257151453062 0.2333120940136672
-1.1900000000000546 0.04226971457037511 0.6656743993512435 0.17957446646441047 0.27209805867341835
-1.1200000000000045 0.04745994377280787 0.6639968893864209 0.19578464759056763 0.3144403615438567
-1.0499999999999545 0.05364806861962976 0.6605314761010327 0.2085865998214253 0.3469343269585904
-0.9800000000000182 0.061100791792506055 0.6551428790770631 0.21354006467596484 0.35340231623174795
-0.9099999999999682 0.07017740837707886 0.6478112814537208 0.2082849514092877 0.32920111865326435
-0.8400000000000318 0.08136961315785729 0.6386430732890824 0.1943354923808897 0.28636122970878924
-0.7699999999999818 0.09536161095051 0.6278586035121706 0.17594123290711242 0.24091630381418908
-0.7000000000000455 0.11312217147993049 0.6157607331936856 0.1573855288980616 0.20219082204850627
-0.6299999999999955 0.1360470170410253 0.6026918520784348 0.14138927573500906 0.1728296515915255
-0.5599999999999454 0.1661792061836433 0.5889884835806923 0.12910911338917835 0.15235235325515775
-0.4900000000000091 0.20654328864608498 0.5749416690819542 0.12076607323051425 0.13952361312734424
-0.4199999999999591 0.26161573878880184 0.5607688500408856 0.11619192255900244 0.1333020899626522
-0.35000000000002274 0.3378378378138819 0.546600053865791 0.11511979255255943 0.13306419942776637
-0.2799999999999727 0.4435770049254742 0.5324786220810344 0.11726641327245212 0.1384888182447325
-0.21000000000003638 0.5863039398835811 0.5183747687910711 0.12226911429294166 0.14913850737315923
-0.13999999999998636 0.7612667477240725 0.5042088300934313 0.12951809136340925 0.16357835013897323
-0.07000000000005002 0.9272997030291235 0.48988000313485525 0.13794643098117387 0.17810452400738686
0.0 0.9999999997148384 0.4752956964045606 0.14593164009044837 0.18641255728787529
0.07000000000005002 0.9272997030290657 0.46039655519956274 0.1515394820247958 0.1826892826380925
0.13999999999998636 0.7612667477240035 0.4451730604055588 0.15318067098607377 0.16673623561679754
0.21000000000003638 0.5863039398835863 0.42967136161679464 0.1503069838863967 0.14417553888974502
0.2799999999999727 0.4435770049254794 0.4139883335856387 0.1435717017444872 0.1212933643543855
0.35000000000002274 0.3378378378138455 0.3982580659425263 0.13435334926951736 0.10159177749621366
0.4199999999999591 0.2616157387918739 0.382633442967448 0.12410400107562825 0.08601388128708592
0.4900000000000091 0.20654328864609026 0.3672668073858182 0.11394888883137423 0.07426925449341197
0.5599999999999454 0.16617920618364607 0.35229304774012526 0.10459729717890505 0.06573200610558719
0.6299999999999955 0.13604701703996255 0.33781724167580457 0.09642159827642481 0.05982255924824252
0.7000000000000455 0.1131221714799196 0.32390772356207675 0.08957259143517277 0.05611704475892643
0.7699999999999818 0.09536161095048988 0.31059446179167033 0.08407078052179047 0.05434671234331999
0.8400000000000318 0.08136961315794641 0.29787203213048397 0.07986071497268486 0.054346810096063854
0.9099999999999682 0.07017740837700862 0.2857061809725768 0.07683315237290382 0.05594954328400564
0.9800000000000182 0.06110079179252086 0.27404283746370234 0.07482361332498232 0.05878109959107697
1.0499999999999545 0.053648068619545734 0.2628183405912758 0.07359890839078448 0.06196067259797545
1.1200000000000045 0.047459943772767126 0.251969571603849 0.07285025894760318 0.0639349185594744
1.1900000000000546 0.042269714570350246 0.24144268829012236 0.07221656057908077 0.06300744064563728
1.259999999999991 0.037876492316195304 0.2311993449478714 0.07134884645806086 0.05859978505320683
1.330000000000041 0.034126897442566716 0.22121970243985334 0.06999292987799484 0.05181090324599358
1.3999999999999773 0.03090234856888077 0.2115021320023451 0.06804180930846498 0.04440784664777666
1.4700000000000273 0.028110101638898318 0.20206013749438256 0.06552873746774718 0.03764471952830296
1.5399999999999636 0.025676841537543908 0.19291747612794702 0.06257766025078347 0.032010491749770865
1.6100000000000136 0.02354403676205409 0.18410262351171 0.059348037264320266 0.02752066699594991
1.67999999999995 0.02166452909646316 0.17564359979033664 0.05599572287663873 0.024009779963345274
1.75 0.019999999997380637 0.16756384883899816 0.05265142496527672 0.021284314452030863
1.82000000000005 0.018519067229524126 0.15987948278583075 0.0494117054016057 0.019178783819628505
1.8899999999999864 0.01719583998073134 0.1525978862078522 0.04633890743148897 0.017567938704577613
1.9600000000000364 0.016008811248341318 0.1457174766791734 0.04346731141682564 0.016363608582494128
2.0299999999999727 0.014940000955051368 0.1392283411892074 0.040812097124875206 0.015507524623113295
2.1000000000000227 0.01397428731042954 0.13311347703125373 0.03837742690243333 0.014962955461405882
2.169999999999959 0.01309888083091938 0.1273504153798718 0.036161105885819715 0.014703522097443184
2.240000000000009 0.012302907422438752 0.12191305746008105 0.034155275471306264 0.014694330810538716
2.3099999999999454 0.01157707553758037 0.11677357483695784 0.03234452040904264 0.014859784864455902
2.3799999999999955 0.010913408649961135 0.11190429598648463 0.030703971220484048 0.015043658076934249
2.4500000000000455 0.01030502885371011 0.10727929094022721 0.029200100548514164 0.015004038279312465
2.519999999999982 0.00974598075721608 0.10287569697998548 0.027795595475743718 0.014513525739492794
2.590000000000032 0.00923108734796645 0.09867457072351804 0.026456978022718295 0.013530454754675767
2.659999999999968 0.008755831383476896 0.09466111231533679 0.025161109714737204 0.01223877886590622
2.730000000000018 0.008316257284875452 0.09082448479414433 0.023896974714749525 0.010892223709909448
2.7999999999999545 0.00790888959170327 0.08715717118411405 0.0226625467636422 0.009663255132245521
2.8700000000000045 0.007530664867204915 0.08365409998554806 0.021459829284207883 0.008617333443708968
2.9400000000000546 0.007178874582130299 0.08031170520125243 0.02029136585846349 0.00775414846409292
3.009999999999991 0.006851117006002029 0.07712707108589217 0.019159357491299038 0.00704765813076295
3.080000000000041 0.006545256521594455 0.07409724867877823 0.018066455651227824 0.006467434342633519
3.1499999999999773 0.006259389083534877 0.07121883279033957 0.017016633046852456 0.005986760036153222
3.2200000000000273 0.005991812786935292 0.06848769068220761 0.016015089225226133 0.005584517019448377
3.2899999999999636 0.005741002700502169 0.06589887490859059 0.01506715040974245 0.005244759297353757
3.3600000000000136 0.005505589274193929 0.0634466973435659 0.014176829315494938 0.0049557626141208694
3.42999999999995 0.005284339753419738 0.06112483898048642 0.013345786387280357 0.0047090506188813145
3.5 0.005076142131924692 0.05892650647600375 0.012573056421466465 0.004498619048567587
3.57000000000005 0.004879990035782333 0.05684459060003426 0.01185547243093757 0.004320293214058644
3.6399999999999864 0.004694975577423781 0.05487186296614026 0.011188483613751547 0.004171070670134389
3.7100000000000364 0.004520271388791757 0.053001107421083944 0.010567039138920011 0.0040482134664274
3.7799999999999727 0.004355126464839566 0.05122525064865246 0.009986300005247155 0.003947741710290563
3.8500000000000227 0.004198856861557155 0.049537522038754896 0.009442070251204542 0.0038621538835786496
3.919999999999959 0.004050838645938884 0.04793155760915021 0.008930964167483955 0.003778340705390273
3.990000000000009 0.003910501694619919 0.0464014910963532 0.008450406928417638 0.003679018303433346
4.059999999999945 0.0037773242265078267 0.04494200567389443 0.007998561220311536 0.0035509229032032736
4.1299999999999955 0.0036508279720578935 0.04354838721002114 0.007574193542816717 0.0033945899409637513
4.2000000000000455 0.003530573895442864 0.04221649244783861 0.007176431978913863 0.0032238160985219107
4.269999999999982 0.0034161584002613933 0.04094268096037695 0.006804406782648873 0.0030549772868699167
4.340000000000032 0.0033072099515241357 0.039723766030367196 0.006456870157885842 0.002898595091256691
4.409999999999968 0.0032033860765140927 0.03855695587879465 0.006131946375723681 0.002758431574418334
4.480000000000018 0.003104370676093966 0.037439709883863706 0.005827119715254213 0.0026341418185010595
4.5499999999999545 0.003009871629396987 0.036369703016375994 0.005539475889767171 0.0025237416156553743
4.6200000000000045 0.0029196186456026917 0.03534475466759369 0.005266127575178673 0.002424951896719757
4.690000000000055 0.00283336133683049 0.03436278554282414 0.005004689642212775 0.002335732583631886
4.759999999999991 0.002750867486708 0.033421790738469445 0.004753637222614413 0.0022544182742434316
4.830000000000041 0.0026719214918356276 0.032519825835869764 0.004512413939096469 0.002179699409324475
4.899999999999977 0.00259632295710481 0.03165500220005888 0.004281265836297648 0.0021105594281465843
4.970000000000027 0.002523885427065723 0.030825487920758076 0.004060898072529424 0.0020462100187240454
5.039999999999964 0.0024544352396039734 0.030029511534015053 0.003852105646437513 0.001986037222504538
5.110000000000014 0.002387810487439324 0.02926535694443784 0.003655496069216487 0.0019295600361007921
5.17999999999995 0.002323860076968485 0.02853140687099328 0.0034713471465238083 0.0018763994760908084
5.25 0.0022624428736474716 0.027826085448072052 0.0032995816829429277 0.0018262550025535125
5.32000000000005 0.002203426925037483 0.02714790173866385 0.0031398152057656183 0.00177888456973684
5.389999999999986 0.002146688753587349 0.026495440066674966 0.002991430277617415 0.0017340833835141263
5.460000000000036 0.0020921127125027913 0.02586736027455879 0.002853677220434863 0.0016916544476505537
5.529999999999973 0.0020395903974699467 0.025262397441839012 0.002725726983775531 0.0016513606643605975
5.600000000000023 0.001989020109333796 0.024679361198416568 0.0026067313117954633 0.0016128740854857557
5.669999999999959 0.0019403063630965835 0.02411713464732702 0.002495893112103876 0.001575717871487796
5.740000000000009 0.0018933594380049915 0.023574672788653835 0.002392463035467929 0.001539336508004966
5.809999999999945 0.0018480949650289623 0.023051000282459502 0.0022957883206176496 0.001503314530365369
5.8799999999999955 0.0018044335487648999 0.022545208385561327 0.00220529574639706 0.0014676142089413576
5.9500000000000455 0.0017622979351439836 0.02205645102753251 0.0021205031043480004 0.0014325552836432763
6.019999999999982 0.00172162274373557 0.021583940128070144 0.002040982261937875 0.0013985456806139968
6.090000000000032 0.0016823389196351753 0.021126940409475294 0.0019663590539096346 0.0013658539028752372
6.159999999999968 0.0016443837541345464 0.02068476405233069 0.0018962743383508238 0.0013345654618210593
6.230000000000018 0.0016076980301033884 0.020256765551208842 0.0018303902292960675 0.0013046438228020857
6.2999999999999545 0.0015722257914200994 0.019842337052287762 0.0017683754095576649 0.001275998186966498
6.3700000000000045 0.0015379141298581557 0.01944090434359718 0.0017098991291291065 0.0012485249214122531
6.440000000000055 0.0015047129881822423 0.01905192354862237 0.0016546523689925066 0.0012221261569041353
6.509999999999991 0.0014725749778785313 0.018674878474234286 0.001602337178858878 0.00119671575401096
6.580000000000041 0.001441455210160822 0.018309278509742805 0.0015526847518890679 0.0011722197333437505
6.649999999999977 0.001411311139644134 0.01795465694762588 0.001505459732422028 0.0011485747795159289
6.720000000000027 0.0013821024190165455 0.017610569607558958 0.001460464769154407 0.0011257263566140598
6.789999999999964 0.0013537907642232497 0.017276593663671923 0.0014175414047077374 0.0011036269983615793
6.860000000000014 0.0013263398292492094 0.01695232659242964 0.001376566862069303 0.0010822349077744629
6.92999999999995 0.001299715089585946 0.016637385203036533 0.001337447312085898 0.0010615128727458369
7.0 0.0012738837338138664 0.01633140471081817 0.0013001090864594982 0.001041427430082781
