-13.0 0.0009756087508957144 0.021070853083347305 0.0015922144547124706 0.001346936343243648
-12.946666666666715 0.0009887351129861488 0.021404753540245364 0.0016247908552376043 0.0013687972301994612
-12.893333333333317 0.0010021280921194875 0.021746691790713236 0.0016585947354203839 0.0013912021721907925
-12.840000000000032 0.0010157949553976093 0.02209693881822726 0.0016937144689364264 0.0014141695993030428
-12.786666666666633 0.0010297432194267073 0.022455745886462875 0.001730247668240613 0.0014377187370733483
-12.733333333333348 0.001043980660197384 0.022823405420777914 0.0017683013070254104 0.001461869648833071
-12.67999999999995 0.0010585153240789355 0.023200211723948518 0.0018079915245030765 0.0014866432798343236
-12.626666666666665 0.0010733555391610485 0.023586471432207035 0.0018494428874647 0.0015120615053201677
-12.57333333333338 0.0010885099271527624 0.023982504133981897 0.0018927867732652253 0.0015381471802190132
-12.519999999999982 0.0011039874160521435 0.02438864303793439 0.0019381584531178867 0.0015649241934315072
-12.466666666666697 0.0011197972528731535 0.024805235664784556 0.001985692466433478 0.0015924175247271587
-12.413333333333298 0.0011359490179192481 0.02523264459371457 0.0020355160881700045 0.0016206533057959497
-12.360000000000014 0.0011524526389737686 0.025671248249878008 0.0020877412483010487 0.0016496588851543001
-12.306666666666615 0.0011693184066513124 0.026121441738292627 0.0021424562936406674 0.0016794628973839547
-12.25333333333333 0.0011865569903987668 0.0265836377298384 0.002199720436033308 0.0017100953376040532
-12.200000000000045 0.0012041794552447506 0.027058267405763805 0.002259565149149608 0.0017415876398221258
-12.146666666666647 0.0012221972797523575 0.027545781460203495 0.002322007111282262 0.0017739727625414202
-12.093333333333362 0.0012406223745524065 0.02804665114320174 0.0023870752771354684 0.0018072852780566587
-12.039999999999964 0.0012594671019009352 0.028561369436141355 0.002454849812174167 0.0018415614701772257
-11.986666666666679 0.0012787442965796825 0.02909045221391205 0.002525504699480566 0.0018768394377600397
-11.93333333333328 0.0012984672875942468 0.029634439545958253 0.0025993424791212806 0.0019131592054418179
-11.879999999999995 0.0013186499212378261 0.03019389706333264 0.0026768119576801304 0.0019505628439029554
-11.82666666666671 0.0013393065853603806 0.030769417407822016 0.002758507072758514 0.001989094596912182
-11.773333333333312 0.0013604522349041407 0.03136162691953339 0.002845152841018977 0.00202880102013614
-11.720000000000027 0.0013821024190371004 0.03197116695762883 0.0029375877944786436 0.002069731128314424
-11.666666666666629 0.001404273309505686 0.032598725904346065 0.0030367581869467147 0.002111936555187412
-11.613333333333344 0.0014269817310975479 0.033245021088738475 0.0031436799588444716 0.0021554717250259754
-11.559999999999945 0.0014502451932010682 0.033910805714708135 0.003259480920265105 0.0022003940376758894
-11.50666666666666 0.001474081923766676 0.034596871064305854 0.003385352927089905 0.0022467640682303355
-11.453333333333376 0.001498510904602125 0.03530404878477361 0.003522536825520779 0.0022946457827839714
-11.399999999999977 0.0015235519094762195 0.036033213379875376 0.003672252093552202 0.0023441067712198127
-11.346666666666692 0.0015492255439240408 0.03678529523796053 0.0038355847175351406 0.0023952211006309106
-11.293333333333294 0.001575553287433173 0.037561242538595496 0.004013293406637428 0.002448059293634602
-11.240000000000009 0.0016025575384858138 0.03836208476978143 0.0042055256735581475 0.002502703909195494
-11.18666666666661 0.0016302616620249386 0.03918889628112311 0.004411542551006261 0.002559239775340175
-11.133333333333326 0.0016586900398964201 0.04004280957008488 0.004629461648951905 0.002617756836181516
-11.080000000000041 0.0016878681243910917 0.04092501905092987 0.004856256517693111 0.0026783505300666532
-11.026666666666642 0.0017178224951772206 0.041836785105670224 0.005088228631966707 0.002741122205779681
-10.973333333333358 0.001748580919646553 0.0427794384365971 0.005321985437554424 0.0028061795666733443
-10.919999999999959 0.0017801749523005319 0.04375438474855306 0.00555574518513054 0.002873639790244489
-10.866666666666674 0.0018126299558136195 0.044763109799425146 0.005790439809001691 0.0029436197106345553
-10.81333333333339 0.001845980108904462 0.04580718482924764 0.006030105329371496 0.003016251725856821
-10.759999999999991 0.0018802586149018815 0.04688827242119502 0.006281432031275638 0.003091674357876439
-10.706666666666706 0.0019155002299030503 0.04800813281970887 0.006552814203435353 0.0031700354452172865
-10.653333333333308 0.001951741350866958 0.049168630749400116 0.006853408880380756 0.003251492916022423
-10.600000000000023 0.0019890201093127713 0.050371742773246124 0.00719253117805925 0.003336215634624294
-10.546666666666624 0.002027376471333541 0.051619565253974944 0.007579418563464256 0.0034243843395520748
-10.49333333333334 0.002066852344622578 0.05291432294386662 0.008023174188943891 0.0035161926689981395
-10.440000000000055 0.002107491692599089 0.05425837828957803 0.008532678642899324 0.00361184829956852
-10.386666666666656 0.0021493406564912685 0.05565425188479007 0.009116164013402952 0.0037115742010185035
-10.333333333333371 0.0021924476860954276 0.057104592752332296 0.009780238271214652 0.003815610027551739
-10.279999999999973 0.0022368636795757338 0.05861224969330264 0.010528134251764267 0.003924216162357973
-10.226666666666688 0.0022826421334176724 0.06018024521610555 0.011357127246551723 0.004037665618514039
-10.17333333333329 0.002329839303022625 0.061811798869049465 0.012255469581168365 0.004156260377701582
-10.120000000000005 0.002378514375165686 0.06351034234122577 0.013199934398715446 0.0042803240643809175
-10.06666666666672 0.002428729653014876 0.06527953565419084 0.014155914044526229 0.004410206634063322
-10.013333333333321 0.002480550754998124 0.06712328488157557 0.015082172629524456 0.004546287021097589
-9.960000000000036 0.002534046828595249 0.06904576130886904 0.01594072856284516 0.004688976110468899
-9.906666666666638 0.0025892907802511343 0.07105142222817777 0.016708996186496104 0.004838720076944334
-9.853333333333353 0.002646359523239551 0.07314503351503587 0.017388673259264922 0.004996004143118905
-9.799999999999955 0.002705334244542379 0.07533169409334926 0.01800698309766948 0.005161356812244403
-9.74666666666667 0.002766300692591576 0.0776168730246758 0.01861047479510864 0.0053353574154144925
-9.693333333333385 0.0028293494881997837 0.08000639757107575 0.019255617016699894 0.005518630774799401
-9.639999999999986 0.002894576460029141 0.08250654362975557 0.020000795964428043 0.005711869031991527
-9.586666666666702 0.0029620830081707374 0.08512403112921915 0.020901910731559982 0.0059158284604015985
-9.533333333333303 0.0030319764959521 0.0878660698966351 0.0220111989436066 0.006131339932033266
-9.480000000000018 0.003104370676097853 0.09074039913293619 0.0233776278483134 0.006359320702548971
-9.42666666666662 0.0031793861519980285 0.09375532990883755 0.025046928421435608 0.006600774660680523
-9.373333333333335 0.003257150877980766 0.09691979103218287 0.027059415869950768 0.006856819213727559
-9.32000000000005 0.0033378007029752424 0.1002433881395056 0.029443742274349007 0.00712868959790437
-9.266666666666652 0.0034214799620325394 0.10373641792182313 0.032204856076614975 0.0074177601167132075
-9.213333333333367 0.003508342119016205 0.10740997957552315 0.035305547593514654 0.007725551770587196
-9.159999999999968 0.003598550468085127 0.11127599856870278 0.0386444743028716 0.008053772177206021
-9.106666666666683 0.003692278897818732 0.1153472978613851 0.04204046246298968 0.008404320938614514
-9.053333333333285 0.003789712725967421 0.11963766335870875 0.04524057830254635 0.008779335447102713
-9.0 0.003891049611531006 0.1241619116159836 0.047968432761966634 0.00918121711953776
-8.946666666666715 0.003996500552824628 0.1289359700699538 0.05000832331202129 0.009612678380763087
-8.893333333333317 0.004106290981031035 0.1339769041970587 0.051287293226906935 0.010076781858814304
-8.840000000000032 0.004220661960969472 0.139303045809197 0.05190529410705063 0.01057701490135927
-8.786666666666633 0.004339871504739865 0.1449340184910352 0.052096580621031625 0.011117349612956896
-8.733333333333348 0.00446419602397157 0.1508908041523989 0.05215346379864394 0.011702331961637523
-8.67999999999995 0.004593931920425827 0.15719578937556658 0.05235861236054108 0.012337173854297678
-8.626666666666665 0.004729397348153962 0.16387280754191064 0.05295032232656823 0.013027891850716889
-8.57333333333338 0.004870934149765059 0.17094710154293083 0.054118122078387045 0.013781450448033526
-8.519999999999982 0.005018911257575025 0.17844536363235794 0.056014258889345414 0.014605951832716606
-8.466666666666697 0.005173722090804826 0.18639562910794863 0.05876764870832796 0.0155108681083499
-8.413333333333298 0.0053357945969905295 0.19482716485845733 0.062491358585319554 0.016507330621352817
-8.360000000000014 0.005505589274177218 0.20377027672537731 0.06727723579555923 0.017608495763620943
-8.306666666666615 0.0056836036370200215 0.21325602562763568 0.07317123305432084 0.01882998934032687
-8.25333333333333 0.005870375839642733 0.22331584069041374 0.08012265271157686 0.02019049769063279
-8.200000000000045 0.006066488716220155 0.23398093471487674 0.08790538663145216 0.021712477441067093
-8.146666666666647 0.006272574297872604 0.24528165228544221 0.09602820933580374 0.023423051387661636
-8.093333333333362 0.006489318869145442 0.25724650819759903 0.10369013249319363 0.025355111395332957
-8.039999999999964 0.006717468642747444 0.26990103014623545 0.10987493098823706 0.027548723278223233
-7.986666666666679 0.006957836131403375 0.2832663116454035 0.11364625991044733 0.030053077773107482
-7.93333333333328 0.007211307329785006 0.2973572539122062 0.11454480613634666 0.03292939358257091
-7.8799999999999955 0.007478849812590085 0.31218047740619004 0.1128213492884938 0.03625509417268666
-7.826666666666711 0.007761521892821392 0.3277319045492927 0.10931574007972288 0.0401292672163708
-7.773333333333312 0.00806048299827759 0.34399404795304855 0.10509008829411441 0.04467944542315195
-7.720000000000027 0.008377005454899574 0.36093308600177326 0.10108999327412801 0.05007042574960556
-7.666666666666629 0.008712487899098495 0.3784958714834331 0.097992281295688 0.05651647128624769
-7.613333333333344 0.00906847058001766 0.39660709804700367 0.09621567152015349 0.0642982254711143
-7.559999999999945 0.009446652861679646 0.4151669383889099 0.0960018761185644 0.07378537375691017
-7.506666666666661 0.00984891329240643 0.434049556064124 0.09749855918865286 0.08546547865740199
-7.453333333333376 0.01027733268008659 0.45310296071623146 0.10081555469999252 0.09997716945280477
-7.399999999999977 0.010734220695082985 0.4721506981010639 0.10604752021015926 0.11813902730703373
-7.346666666666692 0.011222146631583624 0.4909958105835536 0.11326021471786661 0.14094785289751643
-7.293333333333294 0.011743975079263058 0.5094273429159427 0.12243293340928471 0.1694798242192155
-7.240000000000009 0.012302907422533224 0.5272293872175333 0.13334596434755486 0.2045515359881041
-7.186666666666611 0.012902530271481444 0.544192273211802 0.14541400713644687 0.24590397072034537
-7.133333333333326 0.013546872176905419 0.5601250647429321 0.15751834493517783 0.2907389518597795
-7.080000000000041 0.014240470276350918 0.5748681084233455 0.16799260536819577 0.3321753126786722
-7.026666666666642 0.014988448900923655 0.5883041067598254 0.17498302388999828 0.35986668582819353
-6.973333333333358 0.015796612643280868 0.6003661544284482 0.1772078252076303 0.3651641806668524
-6.919999999999959 0.016671556988520166 0.6110414409487852 0.17464783013688667 0.3476942248542103
-6.866666666666674 0.017620800374095663 0.6203698617316885 0.16853276283429386 0.315576457929008
-6.813333333333276 0.018652942520320577 0.6284374930832493 0.16063625605549675 0.27909580949077056
-6.759999999999991 0.01977785512859588 0.6353656217092261 0.15253789173240362 0.24546294171438934
-6.706666666666706 0.021006912671674302 0.6412966190954897 0.14531028704395826 0.2179828404998733
-6.653333333333308 0.022353273111575235 0.6463783065510834 0.13956626860205057 0.19744850410535186
-6.600000000000023 0.023832221158589833 0.6507485331685959 0.1356255080713763 0.18355862554221006
-6.546666666666624 0.02546159033685145 0.6545215257640358 0.13365897541033037 0.17575037619222023
-6.493333333333339 0.0272622849847938 0.6577772495119973 0.13377843607016962 0.1735765979165125
-6.440000000000055 0.029258929817190995 0.6605546317417709 0.13608005606538465 0.17684090670193173
-6.386666666666656 0.03148068344247753 0.6628491136747964 0.1406535949123876 0.18561598470277613
-6.333333333333371 0.03396226413814146 0.664614635765385 0.1475600235967081 0.20018231702488323
-6.279999999999973 0.03674525249724834 0.6657698270967315 0.15677205001137723 0.22085382507791568
-6.226666666666688 0.039879758077641415 0.6662078416570648 0.16806898824887512 0.2475923922340636
-6.173333333333289 0.0434265685410538 0.6658089553851642 0.18088743689190542 0.2792830221704453
-6.1200000000000045 0.04745994377271832 0.664454725528771 0.194164826278411 0.31268849500046864
-6.06666666666672 0.05207127975061792 0.6620422672859614 0.20627825449712495 0.34169357891543534
-6.013333333333321 0.05737395573291003 0.6584970913618284 0.21523501155130206 0.3583381711139296
-5.960000000000036 0.06350980583129216 0.6537830341356622 0.21920319891910928 0.3566280920523882
-5.906666666666638 0.0706578400801018 0.6479081298930597 0.21720871007808012 0.33664921914826484
-5.853333333333353 0.07904610655645408 0.640925792800583 0.20956305024592783 0.30448582664457374
-5.7999999999999545 0.08896797130333323 0.6329313087746214 0.1976979440461645 0.268030698688963
-5.74666666666667 0.10080464474824469 0.6240542586167875 0.18354623222670582 0.23322463129264717
-5.693333333333385 0.11505655619962053 0.6144479808550156 0.16890735341320737 0.20309478223034402
-5.639999999999986 0.1323872053546802 0.6042774514291843 0.15510081899708367 0.17854015786344565
-5.5866666666667015 0.1536843243986913 0.5937069854732321 0.14291857313827552 0.15937027556501784
-5.533333333333303 0.18014411341521142 0.5828889917090008 0.1327386193458495 0.14500677043426127
-5.480000000000018 0.21338340418839347 0.571954708134038 0.12467439237065438 0.13484095231125454
-5.42666666666662 0.2555772638332782 0.5610075035309459 0.11869754124970887 0.12838119876606435
-5.373333333333335 0.3095932632306396 0.5501190099242906 0.11471863527841457 0.12529580441367344
-5.32000000000005 0.37901758638542354 0.5393280938333113 0.11263052017020589 0.12540623373025686
-5.2666666666666515 0.4677754677276321 0.5286424846046942 0.11232306342812934 0.12864787305666034
-5.213333333333367 0.578644172333681 0.5180427406194269 0.1136758905544616 0.13498814125705147
-5.159999999999968 0.7094211122501861 0.5074881249455152 0.11653313081062011 0.144269823898242
-5.106666666666683 0.845991878291194 0.4969238622830094 0.12066426099746287 0.15593900107865832
-5.053333333333285 0.9564699878432468 0.48628915471745293 0.12571986217275272 0.1686638599276408
-5.0 0.9999999997147523 0.47552525821668445 0.13120061311922712 0.18003081695387407
-4.946666666666715 0.9564699878431443 0.46458289105130784 0.136467053182665 0.1867956471947608
-4.893333333333317 0.8459918782911665 0.45342828853523043 0.14081408431539963 0.18612274787518937
-4.840000000000032 0.7094211122501773 0.4420473529319688 0.1436059763272794 0.1772617120286626
-4.786666666666633 0.5786441723336404 0.43044756816529 0.14442376193386097 0.16208000281384627
-4.7333333333333485 0.4677754677276487 0.41865762596464806 0.1431544671594206 0.14382689086520428
-4.67999999999995 0.3790175863854468 0.40672499213231994 0.1399805692982524 0.12543647833445812
-4.626666666666665 0.3095932632306318 0.39471187506671224 0.13528752378188952 0.10870377429579545
-4.57333333333338 0.2555772638332171 0.38269020075427196 0.12954465995539732 0.09436230306621574
-4.519999999999982 0.2133834041883637 0.37073623208001294 0.12320764805426916 0.0824884529399836
-4.466666666666697 0.1801441134152249 0.35892540484289387 0.11666125335801428 0.07285493175090843
-4.4133333333332985 0.1536843243986603 0.34732781914447497 0.11019804410276851 0.06514260266623378
-4.360000000000014 0.13238720535446752 0.33600466142830343 0.10402070307614653 0.059042257743232206
-4.306666666666615 0.11505655619958356 0.32500567571628525 0.09825668313247748 0.054293862824212495
-4.25333333333333 0.10080464474824169 0.3143676770543038 0.09297732045419273 0.05069600691653734
-4.2000000000000455 0.08896797130333742 0.30411401662979354 0.08821635322509343 0.04810314455481087
-4.146666666666647 0.07904610655645504 0.2942548656452703 0.08398483054410964 0.046418545734347866
-4.093333333333362 0.07065784008005509 0.28478817386567096 0.08028095613113605 0.04558536879262868
-4.039999999999964 0.06350980583127075 0.275701166310147 0.07709464376394864 0.04557483121852031
-3.986666666666679 0.05737395573291099 0.2669722547197801 0.07440745704253697 0.046367505914772324
-3.9333333333332803 0.052071279750616345 0.258573249470871 0.07218918118607066 0.04792070389299605
-3.8799999999999955 0.04745994377273998 0.25047175703538077 0.07039268549472733 0.050113408727752544
-3.8266666666667106 0.04342656854107566 0.2426336382618045 0.06894921494397761 0.05266746409515766
-3.773333333333312 0.03987975807762541 0.2350253881579395 0.06776682765645073 0.05507365403343593
-3.7200000000000273 0.03674525249722599 0.22761628719457724 0.06673484713418866 0.056607046923361784
-3.6666666666666288 0.03396226413817311 0.22038017650453715 0.06573588402988809 0.05653624602247149
-3.613333333333344 0.031480683442431455 0.21329673163267646 0.06466360469043242 0.054489936448537196
-3.5599999999999454 0.029258929817192452 0.20635215341853322 0.06344032762385463 0.05069600688877171
-3.5066666666666606 0.027262284984806023 0.19953925519012464 0.0620270150054288 0.045840965989837244
-3.4533333333333758 0.025461590336933442 0.1928569922055209 0.060421565177817174 0.04068926735470336
-3.3999999999999773 0.023832221158560953 0.18630953896457042 0.0586475602086049 0.03579757593892797
-3.3466666666666924 0.022353273111593863 0.17990506104225407 0.05674000245914909 0.031451138414186404
-3.293333333333294 0.021006912671680204 0.17365434373401115 0.05473431988672342 0.027732786844393315
-3.240000000000009 0.01977785512860992 0.16756943000927058 0.052661404166236964 0.024614101370552584
-3.1866666666666106 0.018652942520217403 0.16166239059379087 0.05054777914056173 0.022020929684337585
-3.1333333333333258 0.017620800374108143 0.15594430841087578 0.04841811864892248 0.01986941837622804
-3.080000000000041 0.016671556988492212 0.1504245173450428 0.046297405508615226 0.01808220118603049
-3.0266666666666424 0.015796612643270334 0.1451100986745975 0.0442112628271112 0.016593923029048635
-2.9733333333333576 0.014988448900957834 0.1400056117937157 0.042184441001231504 0.015351862387117957
-2.919999999999959 0.014240470276314223 0.13511302008159193 0.04023839883488626 0.01431466752812956
-2.8666666666666742 0.013546872176832092 0.13043176700888895 0.03838911743215897 0.013450600716395568
-2.8133333333332757 0.012902530271476408 0.12595895916366281 0.03664591442544415 0.012735856503055684
-2.759999999999991 0.012302907422437347 0.1216896192931189 0.035011470248329866 0.01215312780489327
-2.706666666666706 0.011743975079259025 0.11761698091341762 0.033482846320481076 0.011690404234211943
-2.6533333333333076 0.011222146631658509 0.11373280475819217 0.03205307403113742 0.011339870704770482
-2.6000000000000227 0.01073422069515959 0.110027704593871 0.030712877657304617 0.011096653538088848
-2.5466666666666242 0.01027733268008534 0.10649147522624754 0.029452177047602033 0.010956986671906596
-2.4933333333333394 0.009848913292477614 0.1031134180441488 0.028261139933350186 0.010915145060269853
-2.4400000000000546 0.009446652861662736 0.09988266019474867 0.02713070184194667 0.010958373887658295
-2.386666666666656 0.009068470580015467 0.09678846078706778 0.02605263695710411 0.011059553763315105
-2.3333333333333712 0.008712487899107982 0.0938204960656232 0.025019415877276626 0.011169536262423847
-2.2799999999999727 0.008377005454891824 0.09096910216841102 0.02402416052015543 0.01121561642777884
-2.226666666666688 0.008060482998291058 0.08822552069708937 0.023060929394012664 0.011116081654266106
-2.1733333333332894 0.007761521892847768 0.08558197716783665 0.02212532665574136 0.010813206973812753
-2.1200000000000045 0.007478849812581652 0.0830318450543171 0.021215140087861902 0.010305381792852045
-2.0666666666667197 0.007211307329745262 0.08056958294839292 0.020330582992375525 0.009648967409448391
-2.013333333333321 0.0069578361314080175 0.07819072279932308 0.019473875253331874 0.008926826614582514
-1.9600000000000364 0.0067174686427477455 0.07589174667135101 0.01864825287586979 0.0082120251585968
-1.9066666666666379 0.0064893188696775695 0.0736699339753699 0.01785678250731382 0.007550392209661021
-1.853333333333353 0.006272574297863196 0.07152318625932863 0.01710139588856799 0.006961799225674407
-1.7999999999999545 0.006066488716251117 0.06944984786399878 0.01638238680084637 0.006448994174615757
-1.7466666666666697 0.005870375839610916 0.06744853818881584 0.01569839463223114 0.006006003571300228
-1.6933333333333849 0.005683603637641613 0.06551799807818813 0.015046758069844941 0.005623654996667685
-1.6399999999999864 0.00550558927416752 0.06365700238512638 0.014424079246065792 0.005292422949928417
-1.5866666666667015 0.005335794596999781 0.06186425685388436 0.013826851341749635 0.005003713165124218
-1.533333333333303 0.005173722090591897 0.060138327092183884 0.013252029303101733 0.004750255502900062
-1.4800000000000182 0.00501891125759726 0.058477640042014105 0.012697448807265047 0.0045260829622497676
-1.4266666666666197 0.004870934149783482 0.056880467368764065 0.012162029056982236 0.0043263930975445085
-1.3733333333333348 0.004729397348167105 0.05534493396185466 0.01164573890586488 0.004147345732102657
-1.32000000000005 0.004593931920441714 0.053869036366329656 0.011149359129827329 0.003985878012463371
-1.2666666666666515 0.004464196023572117 0.05245066683005805 0.010674118655180946 0.003839556921461818
-1.2133333333333667 0.0043398715047383305 0.051087619730136216 0.010221300720443121 0.0037064527767092176
-1.1599999999999682 0.004220661960983257 0.04977769896962373 0.009791901061905781 0.003585042202673107
-1.1066666666666833 0.00410629098141616 0.048518617890483534 0.00938638551652322 0.003474132726850158
-1.0533333333332848 0.003996500552829767 0.047308106670815836 0.009004557543866146 0.003372802903214181
-1.0 0.0038910496117835346 0.04614391010844494 0.0086455214561585 0.0032803508888646143
-0.9466666666667152 0.0037897127259589997 0.04502380482391107 0.008307719121812874 0.0031962421812132017
-0.8933333333333167 0.003692278897831631 0.04394561434211467 0.00798902283249914 0.0031200429208859733
-0.8400000000000318 0.0035985504682865908 0.04290722250943313 0.007686877010937112 0.0030513187568508193
-0.7866666666666333 0.0035083421190200362 0.04190657618357799 0.007398488207238818 0.0029894734159226365
-0.7333333333333485 0.003421479962058464 0.040941734748517214 0.007121059913447545 0.002933506203857031
-0.67999999999995 0.0033378007030547014 0.04001082050384524 0.006852054366386637 0.002881708605541161
-0.6266666666666652 0.003257150877982042 0.039112067999775076 0.006589443186919843 0.0028314305212471624
-0.5733333333333803 0.0031793861551837493 0.038243810714594005 0.006331894892262321 0.0027792092704382178
-0.5199999999999818 0.0031043706760847172 0.03740452507673356 0.006078852715968144 0.002721578273677515
-0.466666666666697 0.0030319764958990822 0.03659277180250577 0.005830483424343473 0.0026564383039918388
-0.41333333333329847 0.0029620830081688726 0.035807236264583535 0.005587515280112343 0.002584121695501018
-0.36000000000001364 0.0028945764609831165 0.035046713766532046 0.005351012626322749 0.002507200696746313
-0.30666666666661513 0.0028293494881855637 0.03431010261981867 0.005122143704953833 0.0024291653923962956
-0.2533333333333303 0.0027663006925903832 0.033596394920663304 0.004901987659093697 0.00235304413872988
-0.20000000000004547 0.002705334244543589 0.03290466585132222 0.00469140521512162 0.0022807506426147854
-0.14666666666664696 0.002646359523259541 0.03223406216763418 0.0044909758116376975 0.002213125708901351
-0.09333333333336213 0.0025892907802431623 0.03158379096075796 0.004300988970088009 0.00215027655100098
-0.03999999999996362 0.0025340468285683787 0.0309531091667415 0.004121471582361227 0.0020919161651380314
0.013333333333321207 0.002480550754998329 0.030341314409072725 0.00395223365050419 0.0020375972541787878
0.06666666666671972 0.002428729653011598 0.02974773746504846 0.0037929195152542707 0.001986843435353828
0.12000000000000455 0.002378514375176457 0.029171736370584817 0.0036430567694012883 0.0019392110892580074
0.17333333333328937 0.002329839303016592 0.028612682793163348 0.0035020992243202692 0.0018943120849547722
0.2266666666666879 0.0022826421333820885 0.028069997122262616 0.0033694629417989615 0.0018518171234351555
0.2799999999999727 0.0022368636796145825 0.02754308824189176 0.003244555612363789 0.0018114507559976577
0.33333333333337123 0.002192447686140532 0.02703139235079548 0.0031267998677795 0.0017729836612027526
0.38666666666665606 0.002149340656476321 0.02653436229798838 0.0030156459377222804 0.0017362247457258994
0.44000000000005457 0.002107491692952924 0.02605146750264553 0.0029106038531400823 0.0017010140928121098
0.4933333333333394 0.002066852344655882 0.025582194039978155 0.0028112165254360684 0.0016672170460974396
0.5466666666666242 0.0020273764713140676 0.02512604483777093 0.0027170891117619107 0.0016347194145253032
0.6000000000000227 0.001989020109308045 0.024682539803365103 0.002627874274997254 0.0016034212271951898
0.6533333333333076 0.0019517413508757895 0.024251215861259123 0.00254325762549116 0.0015732434948150136
0.7066666666667061 0.0019155002298937441 0.023831627281394135 0.0024629660714019868 0.0015441109988900146
0.7599999999999909 0.001880258614897231 0.023423344836139497 0.002386740626802557 0.0015159604249390445
0.8133333333333894 0.0018459801088823039 0.023025956311812146 0.002314336096844 0.001488736348007024
0.8666666666666742 0.0018126299558095494 0.02263906583683843 0.0022455220141771224 0.0014623900287017652
0.9199999999999591 0.001780174952354455 0.022262293565159186 0.0021800634935271635 0.0014368783790048667
0.9733333333333576 0.0017485809196439415 0.02189527527548421 0.002117727545633119 0.0014121629752216567
1.0266666666666424 0.0017178224951710796 0.021537661886372517 0.002058290752060672 0.0013882089501036038
1.080000000000041 0.0016878681243928967 0.02118911891374527 0.0020015262678857127 0.0013649835347308323
1.1333333333333258 0.0016586900398876073 0.020849326182905848 0.0019472179401566238 0.0013424539541442967
1.1866666666667243 0.0016302616620246441 0.02051797715508227 0.001895157376586065 0.001320584395778015
1.240000000000009 0.0016025575384923903 0.020194778561260188 0.001845168283885544 0.0012993320697375847
1.293333333333294 0.0015755532874256685 0.01987944994302483 0.0017970807643178206 0.0012786432972504292
1.3466666666666924 0.0015492255439018233 0.019571723235514857 0.0017507551819091391 0.001258452243000391
1.3999999999999773 0.0015235519094862994 0.019271342264007858 0.0017060762042763924 0.001238686353073003
1.4533333333333758 0.001498510904599765 0.01897806236365428 0.001662961674377877 0.0012192808230769665
1.5066666666666606 0.0014740819237573956 0.018691649873284852 0.0016213458931540452 0.001200197246107454
1.5599999999999454 0.0014502451932423138 0.018411881665347744 0.0015811852728345663 0.001181434088750044
1.613333333333344 0.0014269817311190274 0.018138544621731065 0.0015424505838798957 0.0011630199094756816
1.6666666666666288 0.0014042733095062045 0.01787143507275536 0.0015051213592385307 0.0011449941702484296
1.7200000000000273 0.0013821024192346458 0.01761035832345477 0.0014691806592150817 0.0011273891727741163
1.7733333333333121 0.0013604522348993609 0.01735512802337269 0.0014346107435588373 0.001110221656159905
1.8266666666667106 0.001339306585240547 0.017105565677054683 0.0014013899506561498 0.0010934932547466928
1.8799999999999955 0.0013186499212416063 0.01686150011921554 0.0013694908377607936 0.0010771949818942658
1.9333333333332803 0.0012984672875834403 0.01662276702950377 0.001338879453411565 0.0010613119618631728
1.9866666666666788 0.0012787442965465335 0.016389208512509797 0.0013095155078401972 0.0010458268905515404
2.0399999999999636 0.0012594671018988084 0.016160672682694874 0.0012813531744564934 0.001030722108041667
2.093333333333362 0.0012406223745517638 0.015937013320914663 0.0012543422701986795 0.0010159806552827993
2.146666666666647 0.0012221972797712233 0.01571808958196721 0.0012284296026335432 0.0010015867137882612
2.2000000000000455 0.0012041794552479722 0.015503765673640337 0.0012035603222655979 0.000987525713839654
2.2533333333333303 0.0011865569903586966 0.015293910659905954 0.0011796791677935957 0.0009737842842598893
2.306666666666615 0.001169318406651126 0.015088398220240752 0.0011567315371556399 0.0009603501388363013
2.3600000000000136 0.0011524526389753214 0.014887106454489759 0.001134664351939219 0.0009472119476446134
2.4133333333332985 0.0011359490179158446 0.014689917700671488 0.0011134267115799144 0.0009343592122912986
2.466666666666697 0.001119797252864597 0.014496718370985567 0.001092970349726911 0.0009217821590052286
2.519999999999982 0.001103987416036087 0.01430739878683374 0.0010732499165622038 0.0009094716430071094
2.5733333333333803 0.001088509927188216 0.014121853032774604 0.001054223114901861 0.000897419072488655
2.626666666666665 0.001073355539155653 0.013939978815561391 0.0010358507167815532 0.0008856163436886227
2.67999999999995 0.0010585153240649902 0.013761677326451206 0.0010180964856821041 0.0008740557867622094
2.7333333333333485 0.0010439806602141283 0.013586853068197185 0.001000927026968369 0.0008627301213692526
2.7866666666666333 0.0010297432194359998 0.013415413817368967 0.0009843115862285979 0.0008516324197473899
2.840000000000032 0.0010157949553965847 0.013247270411360203 0.0009682218142598705 0.0008407560749662763
2.8933333333333167 0.0010021280920686699 0.01308233666968203 0.0009526315189557507 0.0008300947744948951
2.946666666666715 0.000988735112968089 0.012920529267028247 0.000937516414816298 0.0008196424773404914
3.0 0.0009756087508957796 0.012761767642854272 0.0009228538932884907 0.0008093933942486086
