-13.0 0.0003696855653986052 0.007029221947615003 0.0004614038114890102 0.0004425147749746086
-12.937142857143044 0.0003732852979929394 0.007104283576841491 0.00046660525586378733 0.0004472754022921884
-12.874285714286088 0.0003769378584777286 0.007180557396767532 0.0004718973643551506 0.0004521136908988403
-12.811428571429133 0.0003806442854415946 0.007258069711265263 0.00047728231367181583 0.0004570313480414637
-12.748571428572177 0.0003844056432125851 0.00733684754508572 0.00048276234618173234 0.00046203012815211516
-12.685714285713402 0.00038822302252650213 0.007416923688379026 0.0004883397767477685 0.0004671118349122788
-12.622857142856446 0.00039209754124854967 0.007498316731393459 0.0004940169918256317 0.0004722783223696466
-12.55999999999949 0.00039603034535842894 0.007581060924264327 0.0004997964537876218 0.0004775314971113665
-12.497142857142535 0.00040002260962850007 0.007665186410513227 0.0005056807040321353 0.0004828733197814186
-12.43428571428558 0.0004040755385473755 0.007750724184641772 0.0005116723657228144 0.0004883058072710637
-12.371428571428623 0.00040819036737558076 0.007837706117305979 0.0005177741474223345 0.00049383103413473
-12.308571428571668 0.0004123683629488349 0.00792616497852656 0.0005239888463673139 0.0004994511351250127
-12.245714285714712 0.00041661082457123 0.008016134482905593 0.0005303193520020099 0.0005051683071143332
-12.182857142857756 0.0004209190851762406 0.00810764931762051 0.0005367686501619508 0.0005109848110191647
-12.1200000000008 0.00042529451230598366 0.008200745158987471 0.0005433398264551096 0.0005169029746116965
-12.057142857142026 0.00042973850933087434 0.008295458733266394 0.0005500360719815682 0.0005229251943304335
-11.99428571428507 0.00043425251626322156 0.008391827835894932 0.0005568606852276986 0.000529053938354708
-11.931428571428114 0.00043883801122967993 0.00848989137706292 0.0005638170790955933 0.0005352917486081278
-11.868571428571158 0.00044349651157453863 0.008589689419469146 0.0005709087847861751 0.0005416424973411155
-11.805714285714203 0.000448229575040212 0.008691263215359289 0.0005781394571865925 0.000548106401404985
-11.742857142857247 0.00045303880120525287 0.008794665444492762 0.0005855128802820945 0.0005546874700092329
-11.680000000000291 0.0004579258327411133 0.008899919746151659 0.0005930329732883296 0.0005613885691304083
-11.617142857143335 0.0004628923568006048 0.00900708117654984 0.000600703795914308 0.0005682126536296762
-11.55428571428638 0.0004679401065643528 0.00911619621365166 0.000608529555818474 0.0005751627703642125
-11.491428571429424 0.0004730708626923985 0.009227312761989046 0.0006165146146278675 0.0005822420615967555
-11.428571428570649 0.0004782864548116377 0.009340480208662901 0.0006246634955129553 0.0005894537687778672
-11.365714285713693 0.0004835887633826039 0.00945574947365661 0.0006329808913140961 0.0005968012362067874
-11.302857142856737 0.0004889797210909272 0.00957317307135872 0.0006414716706656489 0.0006042879151548204
-11.239999999999782 0.0004944613149938309 0.00969280517440094 0.0006501408885617897 0.0006119173678384194
-11.177142857142826 0.0005000355878198824 0.009814701665153048 0.000658993794316398 0.0006196932718654002
-11.11428571428587 0.0005057046403878153 0.00993892021344538 0.0006680358412063262 0.0006276194247144159
-11.051428571428914 0.0005114706332276015 0.010065520339650132 0.0006772726967583757 0.0006356997486570921
-10.988571428571959 0.0005173357889089787 0.010194563487254183 0.0006867102529175363 0.0006439382953339173
-10.925714285715003 0.0005233023939747323 0.010326113096874132 0.0006963546387310878 0.0006523392514144536
-10.862857142858047 0.0005293728012476452 0.010460234688637552 0.0007062122306018425 0.0006609069438426469
-10.799999999999272 0.0005355494321531426 0.01059699593996762 0.000716289667038579 0.0006696458453945967
-10.737142857142317 0.0005418347791435363 0.010736466775068823 0.0007265938614198442 0.0006785605809352384
-10.67428571428536 0.0005482314081288872 0.010878719452907443 0.0007371320174383832 0.0006876559335486617
-10.611428571428405 0.0005547419612630265 0.011023828662624033 0.0007479116444285988 0.0006969368511961459
-10.54857142857145 0.0005613691594510044 0.011171871623537654 0.0007589405746499317 0.0007064084535782663
-10.485714285714494 0.0005681158053530533 0.01132292818481604 0.0007702269812598705 0.0007160760392245937
-10.422857142857538 0.000574984786342564 0.011477080937885175 0.00078177939789688 0.000725945093399105
-10.360000000000582 0.0005819790774691479 0.01163441532920363 0.0007936067395073948 0.0007360212965685199
-10.297142857143626 0.0005891017447937578 0.011795019778974994 0.0008057183247978978 0.0007463105296848576
-10.234285714284852 0.000596355948760195 0.011958985804885301 0.000818123900416635 0.0007568188889901618
-10.171428571427896 0.0006037449475237133 0.012126408160615328 0.0008308336667432615 0.000767552689859119
-10.10857142857094 0.0006112721008375207 0.012297384962914335 0.0008438583063267652 0.00077851847848137
-10.045714285713984 0.0006189408737325429 0.012472017840146312 0.0008572090133937307 0.0007897230424744221
-9.982857142857029 0.0006267548405272209 0.012650412101046242 0.0008708975272129398 0.0008011734213065414
-9.920000000000073 0.000634717689021673 0.012832687087693584 0.0008849361675520028 0.0008128769177136188
-9.857142857143117 0.0006428332247734829 0.013018935801276532 0.0008993378733660836 0.0008248411097540667
-9.794285714286161 0.0006511053757264413 0.013209290529292273 0.0009141162453697758 0.0008370738628279445
-9.731428571429205 0.0006595381969125233 0.01340386286602178 0.0009292855929627535 0.0008495833450835018
-9.66857142857225 0.0006681358754344824 0.013602783978248675 0.0009448609860014205 0.0008623780378328337
-9.605714285713475 0.0006769027356277127 0.013806184826202312 0.0009608583122432955 0.0008754667536931126
-9.54285714285652 0.0006858432445573435 0.014014201347223898 0.0009772943411514466 0.0008888586507822871
-9.479999999999563 0.0006949620176440963 0.014226974678726804 0.0009941867953602622 0.0009025632494068252
-9.417142857142608 0.0007042638246435159 0.014444651413718694 0.0010115544279130381 0.00091659044943833
-9.354285714285652 0.0007137535958715249 0.014667383837971285 0.0010294171096457182 0.0009309505489762794
-9.291428571428696 0.000723436428741796 0.014895330208028934 0.0010477959211010269 0.0009456542637622589
-9.22857142857174 0.0007333175946019617 0.015128655021775581 0.001066713252756394 0.0009607127477392805
-9.165714285714785 0.0007434025458867303 0.015367529384364155 0.0010861929095773374 0.0009761376150340288
-9.102857142857829 0.0007536969236783332 0.015612131176561335 0.0011062602217450659 0.0009919409631437095
-9.040000000000873 0.0007642065655116181 0.01586264554351077 0.0011269421578467761 0.0010081353969565215
-8.977142857142098 0.0007749375137353684 0.016119265164836184 0.001148267442632479 0.001024734055671249
-8.914285714285143 0.0007858960240804895 0.016382190645935345 0.0011702666764254054 0.0010417506394903955
-8.851428571428187 0.000797088574984375 0.01665163091748012 0.0011929724551910624 0.0010591994392866433
-8.788571428571231 0.0008085218767932259 0.01692780364386003 0.001216419488828273 0.0010770953676680398
-8.725714285714275 0.0008202028821975596 0.01721093566939499 0.0012406447160218685 0.001095453991764547
-8.66285714285732 0.0008321387965024109 0.017501263489358067 0.0012656874150725646 0.0011142915685148972
-8.600000000000364 0.0008443370889659918 0.017799033747267 0.0012915893179414545 0.0011336250820160147
-8.537142857143408 0.0008568055042706992 0.018104503751558223 0.0013183947457048458 0.0011534722829239547
-8.474285714286452 0.0008695520749001695 0.01841794204451671 0.0013461508046218186 0.001173851731014166
-8.411428571427678 0.0008825851340974931 0.01873962899579967 0.0013749077086502113 0.001194782840127144
-8.348571428570722 0.0008959133294136925 0.019069857423748185 0.0014047193233083463 0.0012162859261031212
-8.285714285713766 0.0009095456370292564 0.019408933278371055 0.001435644037971146 0.0012383822580305048
-8.22285714285681 0.0009234913768997344 0.019757176335558364 0.0014677460545757023 0.0012610941129358585
-8.159999999999854 0.0009377602287946145 0.020114920964579446 0.001501097107573743 0.0012844448341434876
-8.097142857142899 0.0009523622484188708 0.020482516937417608 0.0015357785145150083 0.0013084588934858205
-8.034285714285943 0.0009673078863582753 0.02086033027636178 0.0015718833477937637 0.0013331619583110495
-7.971428571428987 0.000982608004926357 0.021248744169632565 0.0016095184717155682 0.0013585809628215515
-7.908571428572031 0.000998273901642167 0.02164815995815002 0.0016488062489500104 0.00138474418401749
-7.845714285715076 0.0010143173235675252 0.02205900837674432 0.0016898858332157942 0.0014116813255705912
-7.782857142856301 0.0010307504957188232 0.02248171028807652 0.0017329140383595483 0.0014394236025439184
-7.719999999999345 0.0010475861410920186 0.02291673772347352 0.001778065701589559 0.0014680038384052214
-7.657142857142389 0.0010648375059576646 0.02336457576832214 0.0018255332141876607 0.0014974565655261557
-7.594285714285434 0.0010825183858344035 0.023825733351366233 0.0018755245147758566 0.0015278181337777044
-7.531428571428478 0.0011006431530758214 0.02430074530605166 0.0019282584408613266 0.0015591268280064343
-7.468571428571522 0.001119226786011341 0.024790173307196257 0.0019839561194901073 0.0015914229943259992
-7.405714285714566 0.0011382848998431928 0.025294607836739078 0.00204282744101825 0.001624749175871099
-7.342857142857611 0.0011578337795441053 0.02581466989684134 0.002105053232697387 0.0016591502594843193
-7.280000000000655 0.0011778904143771522 0.02635101291744663 0.0021707671957449624 0.0016946736340509294
-7.217142857143699 0.001198472535061187 0.0269043248018185 0.002240046838050307 0.0017313693615320918
-7.154285714284924 0.0012195986525325936 0.027475330118764924 0.002312927073261565 0.0017692903574171059
-7.091428571427969 0.0012412880998329899 0.028064792476517126 0.002389448482734355 0.0018084926127865941
-7.028571428571013 0.0012635610761354797 0.0286735170372754 0.002469739494424149 0.001849035367668025
-6.965714285714057 0.0012864386937891505 0.029302353267534713 0.002554111277781741 0.0018909813900424414
-6.902857142857101 0.0013099430281681766 0.029952197873319115 0.0026431311578528583 0.001934397207788103
-6.8400000000001455 0.0013340971710662918 0.030623997962633168 0.002737649561258896 0.001979353392749006
-6.77714285714319 0.0013589252870020226 0.031318759586225556 0.0028387823960400772 0.0020259248607672727
-6.714285714286234 0.001384452673889054 0.032037531168637015 0.0029478756257024443 0.0020741912010004055
-6.651428571429278 0.001410705827231308 0.032781437570911766 0.0030664682759419084 0.00212423703431072
-6.5885714285723225 0.0014377125088480512 0.03355166451021852 0.0031962711546639393 0.002176152404333292
-6.525714285713548 0.0014655018200399829 0.03434946818794145 0.003339165837425977 0.0022300332046083188
-6.462857142856592 0.0014941042800405285 0.03517618027225776 0.003497155132672286 0.0022859816465532765
-6.399999999999636 0.0015235519095738554 0.0360332133807231 0.003672252093553136 0.0023441067712455504
-6.33714285714268 0.001553878320080852 0.036922077514866085 0.0038662494233369597 0.002404527631032464
-6.274285714285725 0.0015851188102366492 0.03784434519155321 0.00408029638794051 0.002467363557620585
-6.211428571428769 0.0016173104677076901 0.03880171921301317 0.004314269312592444 0.002532750177684708
-6.148571428571813 0.0016504922792385636 0.03979600041192464 0.004566142926149615 0.0026008300553142668
-6.085714285714857 0.00168470524890479 0.040829105687596075 0.004831642368570912 0.0026717560131395445
-6.022857142857902 0.001719992524051949 0.041903076954137114 0.005104899810497764 0.0027456920429216915
-5.959999999999127 0.0017563995313798011 0.04302009091846292 0.0053804411987596916 0.0028228168333895498
-5.897142857142171 0.0017939766974728172 0.04418246971672523 0.005656048497190393 0.002903314960200209
-5.834285714285215 0.0018327694196360895 0.04539269253233324 0.005934979829073778 0.002987392779883222
-5.77142857142826 0.0018728333513326296 0.046653408278394405 0.006226191147782775 0.0030752701809492
-5.708571428571304 0.0019142246111906779 0.04796744945454864 0.006542674336655658 0.0031671844868673238
-5.645714285714348 0.0019570024471881123 0.04933784730984086 0.006899279424524191 0.003263392165710585
-5.582857142857392 0.0020012294477528736 0.05076784842376273 0.007311237907159396 0.0033641707381042627
-5.520000000000437 0.0020469717709501044 0.052260932885997 0.007793624544277002 0.003469820914534196
-5.457142857143481 0.00209429939077708 0.05382083421019708 0.008361216012114878 0.003580668992349919
-5.394285714286525 0.0021432863645430484 0.055451571454338155 0.009028002548525291 0.0036970695501869397
-5.33142857142775 0.0021940111217819856 0.05715743327740743 0.009805500763750627 0.0038194084826787033
-5.2685714285707945 0.0022465567775554573 0.05894306259748604 0.010699190884266198 0.00394810897127089
-5.205714285713839 0.0023010114722001383 0.06081344763151718 0.011702791562598045 0.004083625424644615
-5.142857142856883 0.0023574687398389663 0.06277396298393936 0.012791504900962366 0.0042264624350869615
-5.079999999999927 0.0024160279093808933 0.06483040466992554 0.013918058746830777 0.0043771702703183455
-5.0171428571429715 0.0024767945400696522 0.06698902864370129 0.015017866586856565 0.004536352887031602
-4.954285714286016 0.002539880896305108 0.06925659323299094 0.016027553656260365 0.004704674435589823
-4.89142857142906 0.002605406464254374 0.07164040583105424 0.016911487555314145 0.004882866721133286
-4.828571428572104 0.002673498516870653 0.07414837432796702 0.01768089700987943 0.005071737776832069
-4.765714285715148 0.0027442927298104735 0.07678907376587817 0.018393200387750306 0.005272184395277114
-4.702857142856374 0.00281793385526752 0.07957176988187152 0.019134740722426272 0.005485193247830719
-4.639999999999418 0.002894576460133116 0.08250654363033832 0.02000079596442445 0.00571186903200428
-4.577142857142462 0.002974385734421234 0.08560433029926456 0.021083279754507838 0.005953440205963534
-4.514285714285506 0.0030575383787982487 0.08887701068260044 0.022467238443280642 0.006211279302339344
-4.451428571428551 0.003144223579727765 0.09233750163116594 0.024231487978461287 0.0064869268350890566
-4.388571428571595 0.0032346440817080536 0.09599985459193082 0.026447414034718005 0.006782105171970761
-4.325714285714639 0.0033290173692705864 0.09987936322997795 0.029170066646288746 0.0070987634863704544
-4.262857142857683 0.0034275769703489413 0.10399269180688261 0.032415855017920055 0.00743910519506506
-4.200000000000728 0.003530573895480365 0.1083579563846061 0.03612360230855733 0.007805620557930239
-4.137142857141953 0.0036382782306860952 0.11299492371880059 0.04010633746017783 0.008201154163446408
-4.074285714284997 0.0037509809014482872 0.11792511387028204 0.044024754323809506 0.008628943477502402
-4.011428571428041 0.00386899562975525 0.12317196049890156 0.047436175751688923 0.009092707150957651
-3.9485714285710856 0.003992661108781059 0.12876097781765547 0.04994865080655578 0.009596726394144326
-3.88571428571413 0.004122343423068805 0.13471987658157258 0.051411717237413654 0.010145944694777533
-3.822857142857174 0.004258438746590531 0.14107877759179593 0.051999696514369094 0.010746114723164517
-3.7600000000002183 0.004401376355406557 0.14787031890999502 0.05212334601872063 0.011403949925797735
-3.6971428571432625 0.00455162199759983 0.1551297892318902 0.0522609222368861 0.012127330406260553
-3.6342857142863068 0.004709681669772295 0.16289523038405143 0.0528344684950318 0.012925544266233593
-3.571428571429351 0.004876105857031169 0.1712074333234853 0.05417247970583479 0.013809623330931563
-3.5085714285705762 0.0050514955642910414 0.18010996107949082 0.056528023126390554 0.014792740976007178
-3.4457142857136205 0.005236502689871014 0.1896489642645668 0.06010909878833605 0.015890738753127156
-3.3828571428566647 0.005431843533055166 0.19987289348909165 0.06509162673952035 0.01712280885297061
-3.319999999999709 0.005638300751410028 0.21083199960530244 0.07159431716493297 0.01851237152225828
-3.257142857142753 0.005856732373543812 0.22257757651387877 0.07959456236526352 0.020088253894910583
-3.1942857142857974 0.006088080661198287 0.2351608007525643 0.0887709919782184 0.021886204353594948
-3.1314285714288417 0.00633338220797811 0.24863122972135215 0.09830651381661899 0.023950864170536133
-3.068571428571886 0.006593779476790573 0.2630346511959452 0.1068086447022123 0.026338301281389604
-3.00571428571493 0.0068705340125286484 0.2784103136354556 0.1126195008942826 0.02911944266994018
-2.9428571428579744 0.007165041615577299 0.29478737244182474 0.11459327549334435 0.032385287620248095
-2.8799999999991996 0.0074788498126027395 0.3121804774051164 0.11282134928854559 0.03625509417274692
-2.817142857142244 0.007813678031399563 0.33058447653790474 0.10858376730941141 0.04088801909281898
-2.754285714285288 0.008171440967051882 0.349968317707738 0.10359428687443772 0.046498349666111854
-2.6914285714283324 0.008554275727055888 0.3702683970615258 0.099286444064818 0.053376372745962464
-2.6285714285713766 0.008964573469003997 0.39138184031681766 0.09657197945848578 0.061918953208805624
-2.565714285714421 0.009405016397452495 0.41316050310635916 0.09594511601292954 0.07267374931027124
-2.502857142857465 0.00987862117960965 0.43540680646547825 0.09767392385298126 0.08639950723176755
-2.4400000000005093 0.010388790079567821 0.45787281043844735 0.10194068470610855 0.10413928129952042
-2.3771428571435536 0.010939371413450569 0.4802640550417255 0.10889439757432066 0.1272821277886215
-2.314285714286598 0.011534731310855376 0.5022495129063685 0.11860349520826691 0.1575237462161515
-2.251428571427823 0.012179839253274757 0.5234783610709969 0.13088312191019974 0.19647180475309847
-2.1885714285708673 0.01288037048293287 0.5436031352579863 0.14497398224282573 0.24433995908917996
-2.1257142857139115 0.01364282917222927 0.5623072954985714 0.1591585158459172 0.2970832306873957
-2.0628571428569558 0.014474697282860766 0.5793336480583124 0.17070078789343293 0.3430960038442306
-2.0 0.015384615383401226 0.5945089524368729 0.1767262068601414 0.365580512289129
-1.9371428571430442 0.016382603465731848 0.6077599118207894 0.1759366690763186 0.3554110695414571
-1.8742857142860885 0.017480332127376454 0.619116869676119 0.16955732655639125 0.3206522782008251
-1.8114285714291327 0.018691457589725055 0.6287037448318298 0.1603425569474915 0.27781568643414384
-1.748571428572177 0.020032038176232544 0.6367154309094581 0.150888990170016 0.23900238124423695
-1.6857142857134022 0.021521055494719565 0.6433862738349012 0.14285434173031866 0.20909132158277882
-1.6228571428564464 0.023181071222552044 0.6489546867517736 0.1370805340381959 0.1887339553039072
-1.5599999999994907 0.025039060929921357 0.6536292312081967 0.13395894506682193 0.1771605269656682
-1.497142857142535 0.027127480995376593 0.6575607745542289 0.1336986517916451 0.1735507823318158
-1.4342857142855792 0.029485645176078858 0.660824048336765 0.13645995200571753 0.17751391832153754
-1.3714285714286234 0.03216151643745648 0.6634104922095346 0.14238763921971842 0.18917150053573775
-1.3085714285716676 0.03521406123351173 0.6652329024834716 0.15155766087272848 0.2090082556733152
-1.2457142857147119 0.03871637362539847 0.6661411444163455 0.16382124252610836 0.2373826523005026
-1.1828571428577561 0.04275986476263635 0.6659469635240842 0.1785266770252067 0.273368965034145
-1.1200000000008004 0.04745994377268656 0.6644547255247044 0.19416482627825138 0.31268849499998824
-1.0571428571420256 0.0529638116169951 0.6614938661654514 0.20816805596526283 0.3457995295839141
-0.9942857142850698 0.059461285538458565 0.6569482410556432 0.21730030755103769 0.3599844713272646
-0.9314285714281141 0.06720002447804037 0.6507777670742577 0.21888751393530775 0.34790976341480734
-0.8685714285711583 0.07650722338657433 0.6430289150703508 0.21225628865945437 0.3144435804254579
-0.8057142857142026 0.08782092252518314 0.6338326019154699 0.19911343905394344 0.2719372572040704
-0.7428571428572468 0.10173573589550314 0.623390362389458 0.18249798377758938 0.23089731108834083
-0.680000000000291 0.11907029856149812 0.6119517252646705 0.16533829322749752 0.1964291009615247
-0.6171428571433353 0.14096727627912878 0.5997869497536693 0.14965114257869205 0.1696952887702947
-0.5542857142863795 0.1690410595570731 0.5871594918397433 0.1364875760146124 0.15011695536004444
-0.49142857142942376 0.20559072229966863 0.5743019131293917 0.12622440880268906 0.13669294764353504
-0.428571428570649 0.253886010350131 0.561397793941866 0.11887598080173374 0.1285523027288436
-0.36571428571369324 0.3184763053425733 0.5485709725102123 0.11430711688186693 0.1251183945646917
-0.3028571428567375 0.4052587700961081 0.5358823835348389 0.11234291149469831 0.12610785246704292
-0.23999999999978172 0.5203996668842585 0.5233340061271216 0.1128004469431277 0.13143504358683217
-0.17714285714282596 0.6657463967121963 0.5108789027135766 0.11546274185113031 0.1409876288322758
-0.1142857142858702 0.8271438215649666 0.4984359230998213 0.12000781022837123 0.1541653582204052
-0.05142857142891444 0.9593997679209727 0.48590728314657616 0.12591172130464975 0.16911091430006955
0.011428571428041323 0.9979145619375199 0.473196910681118 0.13237096395767659 0.18198256078901204
0.07428571428499708 0.9188694528006615 0.4602272862835927 0.1383228788339859 0.18752086694966225
0.13714285714195285 0.768680504861852 0.4469526316033486 0.14263320246591768 0.1819942220800512
0.2000000000007276 0.609756097473131 0.43336680848594705 0.14441605972066537 0.16629607942244504
0.26285714285768336 0.4749461081054658 0.41950515419979234 0.14331189465246286 0.14516412112690102
0.3257142857146391 0.3707223183617711 0.40544051480835835 0.13954241672211157 0.12354386932448144
0.3885714285715949 0.2927568373478816 0.3912746843185676 0.1337329948385705 0.10435011817067567
0.45142857142855064 0.2347085016096845 0.37712706976575056 0.12665096648274296 0.08855237929938721
0.5142857142855064 0.19113746070125698 0.36312255989489123 0.11900287984583677 0.07605791252975469
0.5771428571424622 0.15799031038051076 0.3493803139548898 0.11133597187881263 0.06639319983264018
0.6399999999994179 0.13238720535467072 0.3360046614280142 0.10402070307620567 0.059042257743269634
0.7028571428563737 0.11230742668669688 0.3230787077800383 0.09727702628363749 0.05357189834712102
0.7657142857151484 0.09632896193838804 0.3106607326434499 0.0912165305312175 0.04966059790234868
0.8285714285721042 0.08344118229333859 0.2987831276192973 0.08588351678037716 0.04709215624354979
0.89142857142906 0.07291649293077927 0.28745345805936845 0.08128581212892898 0.045738591982097856
0.9542857142860157 0.06422368498029116 0.27665720153846257 0.07741175291648394 0.04553715080289271
1.0171428571429715 0.05696943084112991 0.2663617504774055 0.07423390690198317 0.046454050619375034
1.0799999999999272 0.050858491291116595 0.2565213070823291 0.0717028035463242 0.04841643127554798
1.142857142856883 0.04566635598034399 0.24708230699173578 0.0697356723755858 0.051187625160111064
1.2057142857138388 0.04122019861491573 0.23798897665835408 0.06820695875130509 0.0541888755156547
1.2685714285707945 0.03738544791871117 0.2291885792990053 0.06694924441471302 0.05639144677286815
1.3314285714277503 0.03405619576820636 0.22063587797870235 0.06577225705361074 0.05657224862824301
1.394285714286525 0.031148259603332066 0.21229638518528537 0.06449944345454028 0.054042308611360994
1.4571428571434808 0.028594103771466085 0.20414809975168943 0.06300754233636179 0.04921241672812347
1.5200000000004366 0.026339078758382116 0.19618164241670305 0.061247264783381716 0.04326080877713752
1.5828571428573923 0.024338605832222485 0.1883989433058262 0.05923411011454659 0.03731915978098023
1.645714285714348 0.022556047634175753 0.18081084384872634 0.057019304947624354 0.032033946623592116
1.7085714285713038 0.020961081855727096 0.173434097326264 0.05466127687352967 0.02761144478693694
1.7714285714282596 0.019528447764933985 0.1662882631150864 0.05221106151409185 0.024017047422933736
1.8342857142852154 0.018236971654324613 0.15939290382740115 0.04971167611306086 0.02112754056465431
1.8971428571421711 0.01706880301962107 0.1527653515437779 0.04720354746042877 0.018808032135492377
1.9599999999991269 0.016008811248357343 0.1464191559396266 0.04472816723194883 0.016941057433131262
2.0228571428579016 0.015044105632291612 0.14036319940524972 0.04232676221579028 0.015433356340621393
2.0857142857148574 0.014163650867937694 0.13460138093229423 0.0400354112591429 0.014214288915621357
2.148571428571813 0.013357957045236945 0.1291327330038168 0.03787999905538678 0.01323201870302834
2.211428571428769 0.012618828156222126 0.12395183451486218 0.03587360385971318 0.012449725945629013
2.2742857142857247 0.011939156886371016 0.11904940428768006 0.034017007580859876 0.01184245464544491
2.3371428571426804 0.011312756244984063 0.11441299081803706 0.032301535454581594 0.01139448217042477
2.399999999999636 0.010734220695164474 0.11002770459057072 0.0307128776573072 0.011096653538043342
2.462857142856592 0.01019881104301869 0.10587696285882413 0.029234655249458605 0.01094257925688432
2.5257142857135477 0.009702358567821921 0.101943230182458 0.027850899458881192 0.010921836175771657
2.5885714285723225 0.00924118481473448 0.09820874077339029 0.026547147640818204 0.011007914535672613
2.6514285714292782 0.008812034202838711 0.09465618268654159 0.02531046063894816 0.011141078816917708
2.714285714286234 0.00841201716714373 0.09126930436683507 0.024129168775324825 0.011216263874150999
2.7771428571431898 0.008038561998851706 0.08803346411580602 0.02299322428814652 0.011101582102864375
2.8400000000001455 0.007689373900344707 0.08493592279498965 0.02189542962504362 0.010704097197610906
2.9028571428571013 0.007362400048604596 0.08196611412029448 0.020832813428280816 0.010037570226119357
2.965714285714057 0.007055799682953259 0.07911557273699606 0.019806919605020793 0.009213166773584521
3.028571428571013 0.006767918409184054 0.07637780649137324 0.01882238939139272 0.0083618389320466
3.0914285714279686 0.006497266056427046 0.07374798088369003 0.017884434962563665 0.0075728208166028314
3.1542857142849243 0.0062424975370808135 0.07122253506030532 0.016996467907334934 0.006883978520761359
3.217142857143699 0.006002396254497971 0.06879877603443334 0.01615881970242987 0.006299402064530129
3.280000000000655 0.005775859678881002 0.06647449225325883 0.015368734370644371 0.005807857624001001
3.3428571428576106 0.005561886773541306 0.06424766969123819 0.014621286412538098 0.0053938653157271895
3.4057142857145664 0.005359567006426709 0.06211623784121847 0.013910734828899127 0.005042643964126935
3.468571428571522 0.005168070722438428 0.060077903225371286 0.01323188399524504 0.004741776828093905
3.531428571428478 0.004986639441912135 0.05813010364107652 0.012581118958650103 0.004481373578355567
3.5942857142854336 0.0048145834435048725 0.056269979306692725 0.011956890710748493 0.004253776588986967
3.6571428571423894 0.004651267590084744 0.05449439467104939 0.011359582031202443 0.004053094677308584
3.719999999999345 0.0044961106391931535 0.05279998440815502 0.010790874198999923 0.0038748303315065138
3.782857142856301 0.004348578805735493 0.05118320087786304 0.010252877443453013 0.003715556422528008
3.8457142857150757 0.004208181193870035 0.04964040577932735 0.009747308212639746 0.0035726750997744413
3.9085714285720314 0.004074465732430058 0.04816790048824195 0.009274900846247556 0.003444238217035495
3.971428571428987 0.003947015552620532 0.046761962927522764 0.008835107731318834 0.003328810378203104
4.034285714285943 0.0038254457533464623 0.04541891890795194 0.008426048258320473 0.003225351717107573
4.097142857142899 0.003709400507236682 0.04413516936419286 0.00804464107160326 0.0031330881801450174
4.1599999999998545 0.003598550468077396 0.04290722250994228 0.007686877011026783 0.0030513187569237363
4.22285714285681 0.0034925904431154574 0.04173171292178816 0.007348221613648356 0.002979086314392925
4.285714285713766 0.0033912373006701256 0.04060546460124432 0.007024138088675289 0.0029146448389928597
4.348571428570722 0.0032942280869339372 0.03952545431751082 0.006710677131739847 0.0028547922159813666
4.4114285714276775 0.0032013183213453296 0.038488860624408025 0.006405010456135156 0.0027945429476362886
4.474285714286452 0.0031122804715964483 0.03749310736216989 0.006105749221018631 0.002728093361467128
4.537142857143408 0.003026902558045001 0.03653580753804941 0.005812938181083075 0.00265149090149832
4.600000000000364 0.002944986895258726 0.03561480539955457 0.00552773793745633 0.002565190115706644
4.66285714285732 0.0028663489564689955 0.034728156157296006 0.005251924469060555 0.0024736948930801123
4.725714285714275 0.0027908163345773973 0.0338741096048026 0.004987377566411924 0.0023825717644098856
4.788571428571231 0.0027182278009906407 0.03305108701613125 0.004735690556611616 0.0022958640141036856
4.851428571428187 0.0026484324474783465 0.0322576576297507 0.004497955097287157 0.0022154577868365075
4.914285714285143 0.002581288904115251 0.03149251099470285 0.004274704960485626 0.002141674032917818
4.977142857142098 0.002516664625817368 0.030754433859891094 0.004065966861051966 0.0020740388645342834
5.040000000000873 0.002454435239597858 0.03004228941446029 0.003871363434463281 0.002011803600289576
5.102857142857829 0.002394483948000544 0.02935500102371823 0.003690228464855401 0.0019542059591556066
5.165714285714785 0.0023367009824156303 0.02869153087494716 0.003521712718818574 0.001900571977684568
5.22857142857174 0.0022809831019567454 0.028050910681736704 0.0033648723780853704 0.001850340302658479
5.291428571428696 0.0022272331334760387 0.02743217733480437 0.0032187393495197434 0.0018030549613285245
5.354285714285652 0.0021753595487418254 0.026834411243157212 0.003082375061798554 0.001758348420942371
5.417142857142608 0.002125276075930894 0.026256724914695558 0.0029549041706351895 0.0017159239435631777
5.479999999999563 0.0020769013416821816 0.02569826287960958 0.0028355574468313916 0.0016755403375476852
5.542857142856519 0.002030158541239091 0.025158202011350064 0.0027236455883373626 0.0016369997448170965
5.605714285713475 0.0019849751343891573 0.024635751896895108 0.0026185935455397854 0.0016001357963100697
5.66857142857225 0.0019412825645678104 0.024130155069685032 0.00251988765686787 0.001564816198299998
5.7314285714292055 0.0018990159993294248 0.023640686921427678 0.0024270849861523155 0.0015309225087960438
5.794285714286161 0.0018581140903941435 0.02316665543960541 0.0023397699110825248 0.0014983560689505655
5.857142857143117 0.001818518751449749 0.02270740059668504 0.0022575574742740227 0.0014670323378149432
5.920000000000073 0.0017801749524336721 0.022262293567795285 0.0021800634935219745 0.0014368783789996402
5.9828571428570285 0.001743028097808632 0.021830735790900717 0.002106907934056474 0.0014078305916338297
6.045714285713984 0.0017070336715743265 0.021412157916267546 0.00203772239032181 0.0013798321934475645
6.10857142857094 0.001672142186046995 0.021006018724868666 0.0019721403799645874 0.001352829747072928
6.171428571427896 0.0016383090596463405 0.02061180404823518 0.001909814279126994 0.0013267678125132424
6.234285714284852 0.0016054919397163266 0.020229025701969994 0.0018504305966144958 0.0013015810963388661
6.297142857143626 0.0015736505698587383 0.01985722046819643 0.0017937148549503354 0.0012771854179465354
6.360000000000582 0.0015427466669721015 0.019495949079157044 0.0017394328013163192 0.0012534737204060622
6.422857142857538 0.0015127438064332437 0.01914479522925279 0.001687411480312807 0.001230328603930813
6.485714285714494 0.0014836073146215565 0.018803364540514907 0.0016375193723289225 0.0012076568930058222
6.548571428571449 0.0014553041691483114 0.01847128348352273 0.0015896702547383804 0.0011854266716417876
6.611428571428405 0.0014278029053556571 0.018148198233972776 0.001543809659084965 0.0011636711003430048
6.674285714285361 0.0014010735290488712 0.017833773474428764 0.0014999023495983694 0.001142452839019521
6.737142857142317 0.001375087434664727 0.017527691148863572 0.0014579203471479444 0.0011218229842752665
6.799999999999272 0.001349817329382661 0.017229649220463116 0.0014178332729003628 0.0011018029388495942
6.862857142858047 0.0013252371606543249 0.016939360462461764 0.001379601925915065 0.0010823876369896368
6.925714285715003 0.0013013220497604331 0.016656551320771984 0.0013431751300671858 0.0010635561861166787
6.988571428571959 0.0012780482297184313 0.016380960916391782 0.0013084893063207417 0.001045280989358835
7.051428571428914 0.0012553929840550837 0.01611234003826373 0.001275469968008051 0.0010275331965962802
7.11428571428587 0.0012333345937906306 0.015850450428347505 0.0012440343318498213 0.0010102852826863696
7.177142857142826 0.0012118522842812524 0.01559506403937868 0.0012140943721431277 0.0009935119722001113
7.239999999999782 0.0011909261766036344 0.015345962439222316 0.0011855598258287108 0.000977190371166499
7.3028571428567375 0.0011705372415260885 0.01510293629042229 0.0011583408376324646 0.0009612997767878611
7.365714285713693 0.0011506672565562432 0.01486578487217661 0.001132350087281629 0.0009458213932525193
7.428571428570649 0.0011312987650429886 0.014634315676251902 0.0011075043540369912 0.0009307380488145069
7.491428571429424 0.001112415037983357 0.014408344013221079 0.0010837255518862695 0.0009160339486869268
7.5542857142863795 0.0010940000377505877 0.014187692660075583 0.0010609413061527593 0.0009016944699702105
7.617142857143335 0.0010760383847499828 0.013972191520408668 0.0010390851588937286 0.0008877059969326019
7.680000000000291 0.001058515324082041 0.013761677318434112 0.0010180964857405565 0.000874055786739632
7.742857142857247 0.0010414166966526445 0.013555993262421516 0.0009979201982728229 0.0008607318640755088
7.805714285714203 0.0010247289097166019 0.013354988789474912 0.0009785062982682641 0.0008477229338821787
7.868571428571158 0.0010084389102884318 0.013158519257809009 0.0009598093421096081 0.0008350183112957963
7.931428571428114 0.00099253415938192 0.012966445690649439 0.0009417878745848654 0.0008226078631696634
7.99428571428507 0.0009770026081497582 0.012778634505237906 0.0009244038793269972 0.0008104819596936628
8.057142857142026 0.0009618326749738082 0.012594957286104087 0.0009076222870945968 0.0007986314331486277
8.1200000000008 0.0009470132238882323 0.012415290524378111 0.0008914105633702335 0.0007870475420884804
8.182857142857756 0.0009325335441046994 0.012239515416166045 0.0008757383821786915 0.0007757219400839578
8.245714285714712 0.0009183833309097416 0.012067517631539699 0.0008605773801812915 0.0007646466458381352
8.308571428571668 0.0009045526670797569 0.011899187117923852 0.0008459009751823678 0.0007538140141667593
8.371428571428623 0.0008910320057062556 0.0117344179113551 0.0008316842326573063 0.0007432167040424961
8.43428571428558 0.0008778121535906038 0.011573107944629235 0.0008179037631182109 0.000732847640449946
8.497142857142535 0.0008648842557565102 0.011415158881764345 0.0008045376376144508 0.0007226999691223636
8.55999999999949 0.000852239780583969 0.011260475945595642 0.0007915653124271658 0.0007127670094733218
8.622857142856446 0.0008398705057434128 0.011108967769288425 0.0007789675574607465 0.0007030422270088045
8.685714285713402 0.0008277685048495162 0.01096054624375404 0.0007667263856551099 0.0006935192635603329
8.748571428572177 0.0008159261347668728 0.010815126378505761 0.0007548249828493415 0.000684192048195243
8.811428571429133 0.0008043360235687138 0.01067262616927456 0.0007432476372590618 0.0006750549390842536
8.874285714286088 0.0007929910590168658 0.010532966466698941 0.0007319796698487727 0.0006661027753098347
8.937142857143044 0.0007818843776860047 0.010396070855236058 0.0007210073659126428 0.0006573307729117385
9.0 0.0007710093549444651 0.010261865542634432 0.0007103179062247551 0.0006487343465185441
