-31.384510609362028 0.010041484632643524 0.0029452753573178214 0.0029060831974162455
-31.321741588143304 0.010041518263541396 0.0029452761816221944 0.0029060860006435672
-31.258972566924584 0.010041552106524299 0.002945277080873895 0.00290608887553217
-31.19620354570586 0.010041586174061232 0.0029452780565485427 0.002906091828821098
-31.133434524487132 0.010041620477024312 0.0029452791093763434 0.0029060948633214505
-31.07066550326841 0.010041655030828793 0.002945280239245687 0.002906097977365223
-31.007896482049684 0.010041689853664213 0.0029452814455483466 0.002906101165708179
-30.945127460830964 0.010041724966364482 0.002945282727030986 0.002906104419753951
-30.88235843961224 0.010041760389322767 0.0029452840823825615 0.002906107729465982
-30.819589418393512 0.010041796139333528 0.002945285510273709 0.0029061110849137694
-30.75682039717479 0.01004183222454827 0.002945287009512682 0.002906114477750006
-30.694051375956064 0.010041868633294171 0.002945288579315122 0.002906117902212838
-30.631282354737337 0.010041905323163267 0.0029452902192842975 0.00290612135533524
-30.56851333351862 0.010041942213900656 0.002945291929436498 0.0029061248360842413
-30.505744312299893 0.010041979187355892 0.002945293710078907 0.002906128345002498
-30.44297529108117 0.010042016103577868 0.0029452955617766136 0.0029061318835285135
-30.380206269862445 0.0100420528430036 0.002945297485618163 0.00290613545527478
-30.317437248643717 0.010042089352907076 0.002945299483298871 0.0029061390676000027
-30.254668227425 0.01004212568068871 0.002945301557180621 0.0029061427327065205
-30.191899206206273 0.010042161973865728 0.002945303710443272 0.002906146467119998
-30.12913018498755 0.010042198455153245 0.0029453059466508632 0.0029061502894099298
-30.066361163768825 0.010042235383756943 0.0029453082689104917 0.0029061542175048633
-30.003592142550097 0.010042273015669763 0.002945310678187412 0.002906158264936739
-29.94082312133138 0.0100423115148058 0.002945313171079765 0.0029061624346518877
-29.878054100112653 0.010042350761513571 0.002945315737402697 0.0029061667046333104
-29.81528507889393 0.010042390083864289 0.0029453183601207927 0.00290617100810408
-29.752516057675205 0.010042428367432705 0.002945321019008557 0.002906175242059251
-29.689747036456478 0.010042464969445324 0.0029453236998775627 0.0029061793384160565
-29.626978015237757 0.010042500297198192 0.0029453264023995207 0.002906183321808901
-29.564208994019033 0.010042535242511103 0.0029453291421357186 0.002906187268849275
-29.50143997280031 0.010042570476997317 0.0029453319425111263 0.0029061912458489495
-29.438670951581585 0.010042606348275725 0.0029453348262493033 0.002906195292921885
-29.375901930362858 0.010042642992302335 0.0029453378107013226 0.002906199432525658
-29.313132909144134 0.0100426804276274 0.0029453409075199987 0.002906203677286168
-29.250363887925413 0.01004271861722835 0.002945344124034201 0.0029062080344130522
-29.18759486670669 0.010042757501511927 0.002945347464904165 0.0029062125081965326
-29.124825845487962 0.010042797002325953 0.0029453509325855763 0.002906217099947428
-29.062056824269238 0.010042837023923985 0.00294535452874159 0.0029062218098603945
-28.999287803050514 0.01004287744434831 0.0029453582535184813 0.0029062266348961895
-28.936518781831793 0.010042918114593707 0.0029453621060549708 0.0029062315694272215
-28.87374976061307 0.010042958882797237 0.0029453660845992734 0.0029062366053721526
-28.810980739394342 0.010042999590949578 0.0029453701861713844 0.0029062417332537975
-28.748211718175618 0.010043040144068309 0.0029453744073908595 0.0029062469438278604
-28.685442696956894 0.010043080512095473 0.002945378744740391 0.002906252229637992
-28.622673675738167 0.010043120738715444 0.0029453831950886134 0.0029062575845324717
-28.55990465451945 0.010043160923861599 0.002945387756139397 0.0029062630047204277
-28.497135633300722 0.010043201194922727 0.002945392426711807 0.0029062684870442613
-28.434366612082 0.010043241681874532 0.002945397207170387 0.002906274029536398
-28.371597590863274 0.010043282500231097 0.0029454020995783366 0.002906279631988041
-28.308828569644547 0.010043323744663137 0.0029454071076232113 0.002906285296836173
-28.24605954842583 0.010043365495892955 0.0029454122366362407 0.0029062910299208914
-28.183290527207102 0.010043407810190108 0.002945417493242025 0.0029062968405934473
-28.12052150598838 0.010043450736556978 0.0029454228854393478 0.0029063027409751037
-28.057752484769654 0.010043494311822117 0.0029454284219277956 0.002906308744954655
-27.994983463550927 0.010043538560403362 0.0029454341118715067 0.002906314866903211
-27.93221444233221 0.010043583490054148 0.0029454399644403685 0.00290632112024636
-27.869445421113483 0.0100436290841359 0.002945445988739663 0.0029063275162084555
-27.80667639989476 0.010043675291918781 0.002945452193131665 0.0029063340628476316
-27.743907378676035 0.010043722021621737 0.0029454585857695307 0.0029063407643999065
-27.681138357457307 0.0100437691301166 0.002945465173050086 0.002906347620611453
-27.61836933623859 0.010043816428510132 0.0029454719621538165 0.0029063546282230104
-27.555600315019863 0.010043863694194818 0.0029454789591612973 0.0029063617804303233
-27.49283129380114 0.010043910714354 0.0029454861706894532 0.0029063690712821566
-27.430062272582415 0.010043957352462921 0.0029454936041934153 0.002906376499412152
-27.367293251363687 0.010044003619467274 0.002945501268730228 0.002906384072202383
-27.304524230144963 0.010044049680750277 0.0029455091752901693 0.002906391806200058
-27.241755208926243 0.010044095793760836 0.0029455173373234417 0.002906399723068626
-27.17898618770752 0.010044142222141485 0.0029455257696289127 0.002906407844301325
-27.116217166488795 0.010044189180920513 0.0029455344903995487 0.002906416188853365
-27.053448145270067 0.010044236822440763 0.0029455435194637456 0.0029064247731717123
-26.990679124051344 0.01004428523839797 0.002945552879109129 0.0029064336137406737
-26.927910102832623 0.010044334480378015 0.0029455625939541702 0.0029064427289833632
-26.8651410816139 0.010044384548771932 0.002945572689355584 0.0029064521402669212
-26.802372060395175 0.010044435409294204 0.0029455831892527917 0.002906461870712806
-26.739603039176448 0.010044486988825749 0.0029455941113755006 0.002906471940858104
-26.676834017957724 0.010044539180810724 0.002945605459687632 0.002906482361033141
-26.614064996739 0.010044591857498055 0.0029456172133890055 0.002906493118244582
-26.55129597552028 0.010044644894106558 0.002945629312834257 0.002906504160546672
-26.488526954301555 0.010044698193259368 0.002945641646656574 0.002906515380335089
-26.425757933082828 0.010044751713518511 0.0029456540468385146 0.002906526609213746
-26.362988911864104 0.01004480548497143 0.0029456663055860916 0.0029065376417948953
-26.30021989064538 0.010044859606515794 0.0029456782198464706 0.002906548298349777
-26.23745086942666 0.010044914228145282 0.0029456896577813754 0.002906558505367605
-26.174681848207936 0.010044969518283058 0.002945700615881028 0.002906568341006611
-26.111912826989208 0.010045025628513731 0.0029457112302647723 0.0029065780075556314
-26.049143805770484 0.010045082665957194 0.0029457217336197766 0.0029065877509490082
-25.98637478455176 0.010045140673061571 0.002945732384700316 0.0029065977858671187
-25.92360576333304 0.010045199651293961 0.002945743409468196 0.0029066082616492185
-25.860836742114312 0.010045259589784373 0.0029457549733844734 0.0029066192660798184
-25.798067720895588 0.010045320502743104 0.0029457671799656628 0.002906630845826482
-25.735298699676864 0.010045382452089881 0.0029457800926348944 0.002906643026384842
-25.67252967845814 0.010045445540384 0.0029457937405838698 0.002906655826343229
-25.60976065723942 0.010045509909247352 0.0029458081432038284 0.0029066692652914236
-25.546991636020692 0.010045575747042755 0.002945823316735001 0.0029066833695435
-25.48422261480197 0.010045643314188382 0.002945839281611048 0.0029066981762663627
-25.421453593583244 0.01004571295812799 0.0029458560675343676 0.0029067137371149143
-25.358684572364517 0.010045785127987402 0.0029458737169565084 0.002906730122059144
-25.295915551145793 0.010045860383766514 0.0029458922892086916 0.002906747423882885
-25.233146529927073 0.010045939411013704 0.0029459118638905124 0.0029067657640253837
-25.17037750870835 0.010046023066569997 0.0029459325470081624 0.0029067853018865477
-25.107608487489625 0.010046112454997402 0.0029459544778516924 0.0029068062462679206
-25.044839466270897 0.010046209074122426 0.002945977839702391 0.0029068288746876346
-24.982070445052177 0.010046315057954966 0.0029460028756606365 0.0029068535627008955
-24.919301423833453 0.010046433597262565 0.0029460299122691285 0.00290688083275491
-24.85653240261473 0.01004656966576075 0.002946059394471238 0.0029069114364576464
-24.793763381396005 0.010046731292024595 0.002946091935115605 0.0029069464946907837
-24.730994360177277 0.010046931783735044 0.002946128372617808 0.0029069877320025256
-24.668225338958557 0.010047193366110155 0.0029461697963885946 0.0029070378254520903
-24.605456317739833 0.010047551384680019 0.0029462173732579798 0.0029071006675975876
-24.542687296521105 0.010048049209708688 0.00294627147809373 0.0029071801358275524
-24.479918275302385 0.010048681208445001 0.00294632916952806 0.002907272188916231
-24.417149254083657 0.010049240699461923 0.002946380395496104 0.002907347387611483
-24.354380232864933 0.010049387541266776 0.002946410378733021 0.002907365651984004
-24.291611211646213 0.010049162789590768 0.00294641485778895 0.002907338560183989
-24.228842190427486 0.010048865861786797 0.002946405913967627 0.0029073040665466977
-24.166073169208765 0.010048633375369383 0.0029463965180678365 0.0029072767013344192
-24.103304147990038 0.010048471500323777 0.002946391675470906 0.002907256214951006
-24.040535126771314 0.010048360126566971 0.002946391535220489 0.0029072406166727105
-23.97776610555259 0.010048284139103806 0.0029463951261338907 0.0029072290671130043
-23.914997084333866 0.010048235151457785 0.0029464017072187354 0.0029072214717126023
-23.852228063115145 0.010048208544076316 0.0029464109116694556 0.0029072178939252716
-23.789459041896418 0.010048201359992001 0.002946422597567581 0.002907218290979657
-23.726690020677694 0.01004821131785109 0.0029464367038775376 0.0029072224682169445
-23.66392099945897 0.010048236475612876 0.002946453177616634 0.0029072301227600033
-23.601151978240246 0.010048275092536786 0.0029464719466906738 0.0029072409030896193
-23.538382957021522 0.010048325648572314 0.0029464929183211017 0.00290725445788243
-23.475613935802798 0.010048386833566472 0.0029465159878078666 0.0029072704667637
-23.412844914584074 0.010048457551563148 0.0029465410485843505 0.002907288655235827
-23.35007589336535 0.010048536919794295 0.002946568000816613 0.002907308798969994
-23.287306872146626 0.010048624239617483 0.0029465967551598198 0.0029073307210595867
-23.224537850927902 0.010048718817062761 0.0029466272337926726 0.002907354276955861
-23.161768829709178 0.010048819417348883 0.0029466593695306282 0.0029073793182283155
-23.098999808490454 0.010048924563044999 0.00294669311321453 0.0029074057053725504
-23.03623078727173 0.01004903424215734 0.0029467284451676467 0.0029074334107323067
-22.973461766053006 0.010049149176437896 0.002946765372641573 0.002907462471355387
-22.910692744834282 0.010049269632556465 0.002946803917168596 0.0029074929110417566
-22.84792372361556 0.010049395650271572 0.0029468441092469163 0.002907524750839392
-22.785154702396834 0.010049527284546467 0.002946885987988278 0.0029075580210066376
-22.72238568117811 0.01004966463333964 0.002946929601894414 0.002907592761480629
-22.659616659959386 0.010049807826112941 0.0029469750083954533 0.002907629019355992
-22.596847638740662 0.010049957017090877 0.0029470222741059524 0.002907666848638421
-22.534078617521935 0.010050112390836509 0.002947071474151099 0.002907706310340333
-22.471309596303215 0.010050274177177946 0.002947122692751179 0.002907747473762484
-22.40854057508449 0.010050442668765815 0.0029471760228523174 0.002907790417807799
-22.345771553865763 0.010050618237218993 0.002947231567049667 0.0029078352321373555
-22.283002532647043 0.010050801320756976 0.0029472894379891468 0.002907882017853087
-22.220233511428315 0.010050992445412275 0.002947349759389355 0.002907930887435283
-22.157464490209595 0.010051192183505796 0.002947412666600887 0.0029079819645834457
-22.094695468990867 0.01005140116158732 0.002947478307950654 0.002908035384417679
-22.031926447772143 0.010051620054970591 0.0029475468460124195 0.0029080912944329986
-21.969157426553423 0.010051849606812734 0.0029476184587253623 0.0029081498563155563
-21.906388405334695 0.010052090646139919 0.0029476933413034668 0.0029082112483537668
-21.843619384115975 0.01005234411326175 0.002947771708952261 0.0029082756680678893
-21.780850362897247 0.01005261107845215 0.002947853798081855 0.0029083433354014764
-21.718081341678523 0.010052892755954841 0.002947939869785876 0.002908414493909398
-21.655312320459803 0.010053190506824532 0.002948030212845846 0.0029084894145512273
-21.592543299241076 0.01005350586450394 0.0029481251474906558 0.002908568398291722
-21.52977427802235 0.010053840552594527 0.0029482250296601026 0.0029086517804866982
-21.467005256803628 0.010054196515700756 0.002948330256094992 0.002908739936325177
-21.404236235584904 0.010054575980814658 0.002948441270669581 0.002908833287285109
-21.34146721436618 0.01005498148775363 0.002948558571018031 0.0029089323086826393
-21.278698193147456 0.010055415955805766 0.0029486827169348815 0.0029090375382122037
-21.21592917192873 0.010055882743591345 0.0029488143413906537 0.002909149586282405
-21.153160150710008 0.010056385723641361 0.0029489541603980396 0.002909269147922057
-21.090391129491284 0.01005692937897327 0.0029491029882432332 0.0029093970182684876
-21.02762210827256 0.010057518921076777 0.0029492617535218984 0.002909534111045002
-20.964853087053836 0.010058160435464867 0.0029494315182904047 0.002909681481267493
-20.902084065835112 0.01005886105220784 0.0029496135008644773 0.002909840353061176
-20.839315044616388 0.010059629160179323 0.0029498091019632845 0.002910012153861461
-20.776546023397664 0.010060474661442552 0.0029500199350174167 0.0029101985561105284
-20.71377700217894 0.010061409282576848 0.0029502478608601558 0.002910401530403329
-20.651007980960216 0.010062446951711072 0.0029504950258874164 0.002910623409374135
-20.588238959741492 0.010063604249336276 0.002950763903395905 0.0029108669687940647
-20.525469938522768 0.010064900945581417 0.002951057339592611 0.0029111355267831935
-20.462700917304044 0.010066360629950546 0.002951378593020956 0.0029114330654408257
-20.39993189608532 0.01006801142843378 0.0029517313744901676 0.002911764376875676
-20.337162874866593 0.010069886847009827 0.0029521198715228474 0.002912135232962898
-20.274393853647872 0.010072026606143451 0.002952548752132904 0.0029125525739351846
-20.211624832429145 0.010074477568107757 0.002953023133217358 0.0029130247033955347
-20.148855811210424 0.01007729454374679 0.0029535484979612897 0.0029135614674017296
-20.0860867899917 0.010080540901286161 0.002954130540193315 0.002914174377555094
-20.023317768772973 0.010084288748655428 0.002954774912274069 0.0029148766140293936
-19.960548747554252 0.01008861842643977 0.0029554868494641486 0.002915682813204912
-19.897779726335525 0.010093616945748148 0.00295627065049105 0.002916608508229212
-19.835010705116805 0.010099375012965992 0.002957129021035763 0.0029176690560162775
-19.77224168389808 0.010105982418365902 0.0029580623875734876 0.002918877867515711
-19.709472662679353 0.010113522294498852 0.0029590686006952974 0.002920243799095545
-19.646703641460633 0.010122067852891539 0.0029601443064049275 0.002921767821484051
-19.583934620241905 0.010131696875456135 0.0029612912168882296 0.002923440186528215
-19.52116559902318 0.010142578023747404 0.002962533510491661 0.002925243428434395
-19.45839657780446 0.010155281193335296 0.002963951375818548 0.0029271788220107745
-19.395627556585733 0.010171559267606758 0.0029657023138879015 0.0029293540452994186
-19.33285853536701 0.010195004887822247 0.002967849733542815 0.0029321096288728683
-19.270089514148285 0.010224716353739394 0.0029696510384329584 0.002935512225076489
-19.20732049292956 0.010232338233567123 0.0029694201457794046 0.0029368487024834748
-19.14455147171084 0.010196268943060726 0.002967106121280614 0.002933385024624474
-19.081782450492113 0.010153825619499547 0.00296436712458158 0.0029286453877209267
-19.01901342927339 0.010124688669102452 0.002962085085092189 0.002924986600481052
-18.956244408054665 0.010106301545295173 0.0029603327626445478 0.002922382130688775
-18.89347538683594 0.01009434492520762 0.002958984691614145 0.0029204724678569506
-18.830706365617218 0.010086201405924498 0.002957924599425216 0.0029190136036745208
-18.767937344398494 0.010080426377624598 0.0029570721186855504 0.0029178617503704245
-18.70516832317977 0.010076199499820318 0.0029563741822977467 0.00291693014287157
-18.642399301961046 0.010073030756889976 0.0029557952347372147 0.002916163521410409
-18.57963028074232 0.010070612645854769 0.002955310705057627 0.0029155247601306026
-18.516861259523598 0.010068743746658443 0.002954903043783012 0.002914987756586661
-18.454092238304874 0.01006728729583687 0.002954559336986519 0.0029145334729185094
-18.39132321708615 0.01006614760094303 0.0029542698383319896 0.0029141476149075235
-18.328554195867422 0.010065256006173962 0.0029540270396972153 0.002913819202094772
-18.265785174648702 0.010064562206175808 0.0029538250638345563 0.002913539648388347
-18.203016153429978 0.010064028683425581 0.002953659255155319 0.0029133021459459263
-18.140247132211254 0.01006362703774512 0.002953525897006528 0.002913101240089758
-18.07747811099253 0.010063335502788847 0.002953422010580884 0.0029129325269439403
-18.014709089773802 0.010063137223289834 0.0029533452105754755 0.002912792433601482
-17.951940068555082 0.010063019044848277 0.002953293597821301 0.0029126780550547435
-17.889171047336358 0.010062970638054693 0.0029532656810499678 0.0029125870313006217
-17.826402026117634 0.010062983864821797 0.00295326031756873 0.002912517454826219
-17.76363300489891 0.010063052313632826 0.0029532766689491304 0.0029124677970250087
-17.700863983680183 0.010063170937963085 0.0029533141689733907 0.002912436854512939
-17.638094962461462 0.010063335805628432 0.0029533725007972935 0.002912423705697846
-17.57532594124274 0.010063543888486537 0.0029534515794128265 0.002912427678514769
-17.51255692002401 0.010063792912086814 0.0029535515453691184 0.0029124483262836644
-17.44978789880529 0.010064081237754282 0.0029536727594975227 0.0029124854105013766
-17.387018877586563 0.010064407770727583 0.0029538158056395232 0.0029125388894841965
-17.32424985636784 0.010064771895389098 0.002953981498362017 0.002912608913038429
-17.26148083514912 0.010065173412399807 0.0029541708953924185 0.0029126958211239925
-17.19871181393039 0.010065612514576857 0.00295438531728937 0.0029128001489957204
-17.13594279271167 0.0100660897450916 0.0029546263722469834 0.002912922636406571
-17.073173771492943 0.010066605984570218 0.002954895989430465 0.0029130642428462266
-17.01040475027422 0.010067162432460305 0.002955196460171778 0.0029132261688452625
-16.947635729055495 0.010067760597475911 0.0029555304903377344 0.0029134098841825645
-16.88486670783677 0.01006840229289622 0.0029559012644059103 0.0029136171648302756
-16.82209768661805 0.010069089632285139 0.002956312525287428 0.002913850138843472
-16.759328665399323 0.010069825029527161 0.0029567686729468296 0.002914111346259532
-16.6965596441806 0.010070611199674314 0.0029572748862787667 0.0029144038126248384
-16.633790622961875 0.010071451158479492 0.0029578372750484637 0.0029147311423492438
-16.57102160174315 0.010072348222322175 0.0029584630683874304 0.002915097636755309
-16.508252580524427 0.010073306001786474 0.002959160851305562 0.0029155084440568696
-16.445483559305703 0.010074328390606057 0.00295994086200041 0.0029159697513945243
-16.38271453808698 0.010075419546916896 0.002960815365679471 0.0029164890321105065
-16.319945516868255 0.010076583858180414 0.002961799127453466 0.0029170753645131548
-16.25717649564953 0.010077825899283908 0.0029629100100919273 0.0029177398415911175
-16.194407474430808 0.010079150355754095 0.0029641697336035434 0.002918496098459112
-16.131638453212084 0.01008056193814867 0.0029656048380844835 0.0029193609944945316
-16.06886943199336 0.0100820652523911 0.0029672479120414416 0.002920355504085028
-16.006100410774636 0.01008366464162499 0.002969139142920926 0.0029215058883504
-15.943331389555912 0.010085363985586798 0.0029713282794737003 0.0029228452404057095
-15.880562368337186 0.010087166460149758 0.0029738770581366745 0.0029244155159806494
-15.817793347118464 0.010089074254668949 0.0029768621351730735 0.0029262701715583755
-15.75502432589974 0.01009108825628976 0.002980378450338449 0.002928477517676102
-15.692255304681014 0.01009320772055655 0.0029845427164562214 0.002931124804763384
-15.629486283462292 0.010095429933333877 0.002989496238546504 0.002934322785991814
-15.566717262243566 0.010097749933951324 0.0029954053143434137 0.0029382098257959644
-15.503948241024842 0.010100160319271533 0.0030024557841562835 0.0029429531179799074
-15.44117921980612 0.010102651183018958 0.0030108356647831963 0.0029487415522669327
-15.378410198587394 0.01010521028848942 0.0030206965405275695 0.0029557594752609643
-15.315641177368668 0.010107823440322001 0.003032082785147102 0.002964123612119273
-15.252872156149946 0.010110475146808023 0.00304482404833601 0.0029737630908261052
-15.190103134931222 0.010113149504590324 0.0030584116915509914 0.0029842447938645197
-15.1273341137125 0.01011583125268355 0.0030719293780906596 0.0029946241444965124
-15.064565092493774 0.01011850686861946 0.003084151872885163 0.0030035183714028396
-15.001796071275049 0.010121165568379793 0.003093880868543479 0.0030095804726879174
-14.939027050056326 0.010123800045436606 0.0031004025088617144 0.0030121911984047033
-14.876258028837603 0.01012640683354036 0.003103777067153032 0.003011797312759274
-14.813489007618879 0.010128986236628546 0.0031047578305166664 0.0030095902399318733
-14.750719986400155 0.010131541806173676 0.0031044345856041837 0.0030068861935292003
-14.687950965181429 0.01013407950710282 0.0031038647386532926 0.003004706188116426
-14.625181943962707 0.010136606668006556 0.0031038611769822664 0.0030036771587586956
-14.562412922743981 0.010139130903982725 0.0031049388406380264 0.0030041067606701847
-14.499643901525257 0.01014165917747627 0.0031073453703184726 0.0030060823208344157
-14.436874880306535 0.010144197134582993 0.0031111115870158554 0.003009529105141936
-14.374105859087809 0.01014674873268607 0.0031160937677068884 0.0030142226114955747
-14.311336837869083 0.01014931615648093 0.00312200757558934 0.0030197785960711615
-14.248567816650361 0.010151900046221157 0.0031284666908412795 0.0030256606196009633
-14.185798795431637 0.01015449994828924 0.003135039194448958 0.0030312478660612734
-14.123029774212915 0.010157114831049741 0.003141323494369357 0.003035978366143662
-14.06026075299419 0.010159743533067575 0.003147028299705344 0.0030395215236833496
-13.997491731775463 0.010162385044882611 0.00315202922336609 0.0030418851496313956
-13.934722710556741 0.010165038684380475 0.0031563790389251447 0.0030433887687902
-13.871953689338017 0.010167704561884365 0.0031602686391983686 0.0030445244808241594
-13.809184668119295 0.010170384219501097 0.0031639571744331197 0.003045789918227069
-13.74641564690057 0.01017308020729148 0.0031676984971985484 0.0030475646323905037
-13.683646625681844 0.010175794921390797 0.003171685083725263 0.00305005016661784
-13.620877604463121 0.010178530159283734 0.0031760185412084275 0.00305326009209981
-13.558108583244397 0.010181287223655883 0.00318070613814803 0.003057042785172312
-13.495339562025672 0.010184067107900896 0.0031856780573168357 0.003061130019974499
-13.43257054080695 0.01018687050734856 0.0031908183299236173 0.003065209469503644
-13.369801519588224 0.010189697968702113 0.0031960013869351336 0.00306901117034996
-13.3070324983695 0.010192549986893385 0.0032011254421275338 0.0030723834567743056
-13.244263477150778 0.010195427120112498 0.0032061346865693867 0.0030753288301355194
-13.181494455932052 0.010198330068478348 0.003211025539969167 0.003077985053232146
-13.11872543471333 0.010201259707720711 0.003215837325447189 0.003080562931277287
-13.055956413494604 0.010204217076602386 0.00322063257440169 0.0030832699719563293
-12.99318739227588 0.010207203330130166 0.0032254746343993285 0.0030862483236334596
-12.930418371057156 0.010210219680786538 0.003230409694078174 0.003089542806005941
-12.867649349838432 0.0102132673463312 0.0032354576338261146 0.0030931020734288844
-12.80488032861971 0.010216347516183923 0.0032406126786762297 0.0030968077752667887
-12.742111307400984 0.010219461343513333 0.0032458518083008907 0.003100521178156189
-12.679342286182258 0.01022260995157082 0.003251146879775145 0.0031041322479677647
-12.616573264963536 0.010225794457756926 0.003256475822722587 0.0031075945159924055
-12.553804243744812 0.010229015981975707 0.003261829289449249 0.0031109336408517937
-12.491035222526088 0.01023227566351597 0.0032672114479571817 0.0031142284602612156
-12.428266201307364 0.010235574650209613 0.0032726360469555378 0.0031175750784552024
-12.365497180088639 0.010238914084294332 0.0032781202311332218 0.0031210502002436812
-12.302728158869916 0.010242295085212393 0.003283678615074276 0.003124687298005538
-12.239959137651192 0.010245718735559873 0.003289319404577701 0.003128471867096075
-12.177190116432467 0.010249186075852724 0.003295043387336952 0.0031323544793728144
-12.114421095213743 0.010252698109734754 0.003300845584091444 0.0031362746725131984
-12.051652073995019 0.010256255819366107 0.0033067185282108307 0.0031401857078838013
-11.988883052776295 0.010259860179529455 0.0033126557429065282 0.0031440707141407475
-11.926114031557573 0.010263512179771837 0.0033186541615660508 0.0031479448779651404
-11.863345010338847 0.01026721282848449 0.003324714837438621 0.0031518445623425952
-11.800575989120123 0.01027096316815189 0.003330842040333015 0.0031558095584797593
-11.737806967901399 0.0102747642771736 0.0033370414157482165 0.003159866711274709
-11.675037946682675 0.010278617258166882 0.003343318098807489 0.00316402140732122
-11.612268925463951 0.010282523258081952 0.003349675505837062 0.003168259266896276
-11.549499904245227 0.010286483454254435 0.0033561151137185925 0.003172555884528338
-11.486730883026503 0.01029049906238819 0.0033626370848895493 0.0031768894048168125
-11.42396186180778 0.010294571338223089 0.0033692412939120785 0.0031812501545826605
-11.361192840589055 0.010298701581858975 0.003375928247684573 0.003185643526600493
-11.298423819370331 0.010302891137879149 0.003382699546625989 0.0031900857742427386
-11.235654798151607 0.010307141400857457 0.0033895577994555795 0.0031945956099097574
-11.172885776932882 0.010311453810200549 0.0033965061534121524 0.00319918600860049
-11.110116755714158 0.010315829851604548 0.003403547726239443 0.003203859908597681
-11.047347734495434 0.010320271056194989 0.003410685207098815 0.0032086112034758626
-10.984578713276711 0.010324779000964884 0.0034179207585987056 0.003213429795095461
-10.921809692057987 0.010329355309686877 0.0034252561957177647 0.0032183077617730536
-10.859040670839262 0.01033400165434845 0.0034326932975393674 0.0032232435602926107
-10.796271649620538 0.01033871975435874 0.003440234081738304 0.0032282425390784577
-10.733502628401814 0.010343511373751915 0.003447880929607847 0.0032333140493841462
-10.67073360718309 0.01034837831121177 0.003455636538762186 0.003238467067804382
-10.607964585964366 0.010353322396750483 0.003463503767009353 0.003243706707482656
-10.545195564745642 0.010358345506610168 0.0034714854673943843 0.003249033221245634
-10.482426543526918 0.01036344960128893 0.0034795843944970283 0.003254443627797488
-10.419657522308194 0.010368636736223758 0.003487803210588187 0.003259934748593639
-10.35688850108947 0.01037390904122854 0.0034961445696167306 0.003265505897514469
-10.294119479870746 0.010379268695339668 0.0035046112099305715 0.0032711598933279204
-10.231350458652022 0.010384717929842071 0.00351320602842186 0.0032769021170878957
-10.168581437433296 0.010390259029309434 0.003521932086180437 0.003282738397999569
-10.105812416214572 0.0103958943419742 0.003530792573207174 0.0032886730202097833
-10.04304339499585 0.010401626285763904 0.00353979075487154 0.003294707896664502
-9.980274373777126 0.010407457348744814 0.003548929935401852 0.003300843183394903
-9.917505352558402 0.010413390093703158 0.0035582134538387996 0.0033070787892393633
-9.854736331339677 0.010419427159546463 0.003567644708706329 0.0033134158261935746
-9.791967310120953 0.010425571266658771 0.0035772271935652937 0.0033198572106218982
-9.72919828890223 0.01043182522376401 0.0035869645234502495 0.0033264072074419785
-9.666429267683505 0.010438191925212673 0.003596860442053746 0.003333070329200046
-9.60366024646478 0.010444674357200921 0.0036069188123199736 0.0033398503076750743
-9.540891225246057 0.010451275588805663 0.0036171436012480333 0.0033467497139283604
-9.478122204027333 0.010457998791050435 0.003627538870384654 0.003353770350853828
-9.415353182808609 0.010464847231866664 0.003638108778399982 0.0033609140815643477
-9.352584161589885 0.010471824291174579 0.003648857593884869 0.0033681835488109605
-9.28981514037116 0.010478933461355646 0.0036597897106194714 0.003375582382864417
-9.227046119152437 0.010486178352222505 0.003670909659517176 0.003383114850465443
-9.164277097933711 0.010493562693948558 0.0036822221129262315 0.003390785236468208
-9.101508076714989 0.010501090339286012 0.0036937318839178443 0.0033985973690246127
-9.038739055496265 0.01050876526918753 0.0037054439245979894 0.003406554556053348
-8.975970034277541 0.010516591597908229 0.0037173633291535607 0.0034146599178278285
-8.913201013058817 0.010524573582338966 0.003729495339999142 0.0034229168566625293
-8.850431991840091 0.010532715615107553 0.003741845361115978 0.0034313293605430953
-8.78766297062137 0.010541022252853005 0.0037544189651604488 0.0034399019768639287
-8.724893949402645 0.010549498202987137 0.003767221902792444 0.0034486395231945774
-8.66212492818392 0.010558148340784442 0.003780260106683773 0.0034575467571864456
-8.599355906965195 0.010566977714898522 0.0037935396955199974 0.0034666282231714204
-8.536586885746472 0.01057599155922877 0.0038070669782578185 0.00347588835127343
-8.473817864527748 0.010585195299822164 0.0038208484609489894 0.003485331715469185
-8.411048843309025 0.010594594559471582 0.0038348908556373107 0.0034949632639918408
-8.3482798220903 0.010604195165004073 0.003849201090563902 0.003504788383375294
-8.285510800871576 0.010614003147850872 0.0038637863183678687 0.003514812779922971
-8.222741779652852 0.010624024778546562 0.003878653926776507 0.003525042286575155
-8.159972758434128 0.010634266545277476 0.0038938115463591026 0.003535482737612137
-8.097203737215404 0.01064473519082289 0.003909267059707585 0.003546139991384281
-8.03443471599668 0.010655437696313838 0.0039250286112232045 0.0035570200681522782
-7.971665694777956 0.010666381350781507 0.0039411046182608244 0.0035681293111451255
-7.908896673559232 0.010677573683561713 0.003957503782835653 0.003579474449994146
-7.846127652340507 0.010689022536679084 0.003974235104347114 0.0035910625570378693
-7.783358631121783 0.010700736057018004 0.0039913078915786715 0.003602900938839272
-7.72058960990306 0.010712722714025789 0.004008731775969391 0.00361499705600619
-7.657820588684334 0.01072499131571667 0.004026516724297498 0.003627358530526557
-7.595051567465611 0.010737551019432651 0.004044673053207223 0.003639993232543902
-7.532282546246887 0.010750411369607272 0.004063211444115748 0.003652909385143727
-7.469513525028163 0.010763582281479589 0.004082142959361237 0.003666115619158298
-7.406744503809439 0.010777074092146104 0.0041014790590322425 0.0036796209570506768
-7.343975482590714 0.010790897566366623 0.004121231618314184 0.0036934347542259068
-7.2812064613719905 0.010805063919553643 0.004141412945682484 0.0037075666570309256
-7.218437440153267 0.010819584845683294 0.00416203580214661 0.00372202661650895
-7.155668418934542 0.010834472535385043 0.004183113421097647 0.0037368249534213607
-7.092899397715819 0.010849739707051356 0.004204659529682533 0.0037519724345330156
-7.030130376497095 0.010865399631944005 0.004226688371641647 0.003767480315934066
-6.967361355278371 0.010881466163861086 0.004249214729900124 0.003783360341736011
-6.904592334059648 0.01089795377153992 0.00427225395328305 0.0037996247172624163
-6.841823312840922 0.010914877569656152 0.0042958219798065545 0.0038162860973152157
-6.779054291622199 0.010932253355877043 0.004319935365340758 0.00383335761301727
-6.716285270403475 0.010950097647455866 0.0043446113111773495 0.003850852930691629
-6.65351624918475 0.01096842772173974 0.004369867693687175 0.0038687863138750197
-6.590747227966026 0.010987261657465573 0.0043957230950852095 0.003887172661088311
-6.527978206747302 0.011006618382639702 0.004422196835949788 0.003906027514195154
-6.465209185528578 0.011026517721914802 0.004449309011536454 0.0039253670574720375
-6.402440164309855 0.0110469804480122 0.004477080530830399 0.003945208135628727
-6.339671143091129 0.011068028336272732 0.004505533162747644 0.003965568305686747
-6.276902121872406 0.011089684227484822 0.004534689586859206 0.0039864659125209145
-6.214133100653682 0.01111197208866322 0.004564573446791255 0.004007920160338634
-6.151364079434958 0.011134917083779965 0.004595209402559414 0.004029951158159294
-6.088595058216233 0.011158545646619144 0.004626623178940766 0.004052579940721027
-6.025826036997509 0.011182885565033532 0.0046588416131365966 0.004075828487457352
-5.963057015778786 0.011207966065242811 0.004691892705032804 0.004099719761818063
-5.9002879945600615 0.01123381791544236 0.00472580567445579 0.0041242777785299115
-5.8375189733413375 0.011260473536660005 0.0047606110250005985 0.004149527686037408
-5.7747499521226135 0.011287967129787373 0.004796340616375266 0.004175495847506957
-5.71198093090389 0.011316334833720108 0.00483302774058074 0.004202209911594652
-5.649211909685166 0.011345614932446594 0.004870707204370968 0.0042296988795118015
-5.586442888466441 0.01137584809409189 0.00490941541448376 0.004257993183023009
-5.523673867247717 0.011407077660604257 0.0049491904629342665 0.004287124778252871
-5.460904846028994 0.011439349814812642 0.004990072201503587 0.004317127229515769
-5.398135824810269 0.011472712949221397 0.005032102285376957 0.004348035673763078
-5.335366803591545 0.011507214567746159 0.005075324167687218 0.00437988645761141
-5.272597782372821 0.011542896213878603 0.005119783112561554 0.004412716639383796
-5.209828761154097 0.011579798503790767 0.0051655264812778675 0.004446565049820979
-5.147059739935373 0.011617979656973766 0.005212604398462718 0.00448147483793505
-5.084290718716648 0.011657514201431143 0.0052610701568580635 0.00451749293441563
-5.021521697497925 0.011698477013997089 0.005310979922816782 0.004554667972828509
-4.958752676279201 0.011740940583570237 0.005362392444925626 0.004593050280233964
-4.895983655060476 0.011784979046495388 0.005415369194386706 0.004632692633847143
-4.833214633841752 0.01183067077680145 0.0054699746957831 0.004673650715088142
-4.770445612623028 0.011878099371360331 0.0055262768293405495 0.004715983345406292
-4.707676591404304 0.011927354083392093 0.005584347087284389 0.004759752681594595
-4.64490757018558 0.011978530178272119 0.005644260816395591 0.004805024434460982
-4.582138548966856 0.01203172934222848 0.005706097469488695 0.004851868116037603
-4.5193695277481325 0.012087060164411053 0.005769940878269111 0.004900357309075255
-4.4566005065294085 0.012144638685790955 0.005835879547483718 0.004950569953415446
-4.393831485310685 0.012204589015335776 0.005904006978986195 0.005002588657372988
-4.33106246409196 0.012267044015761265 0.005974422021241168 0.005056501040564452
-4.268293442873236 0.012332146052897813 0.006047229250785924 0.005112400113409651
-4.205524421654513 0.012400047828431935 0.006122539386757549 0.005170384692343574
-4.142755400435788 0.012470913295486987 0.006200469741887645 0.005230559847692849
-4.079986379217064 0.012544918673362387 0.006281144714160975 0.005293037385089518
-4.01721735799834 0.012622253567581487 0.006364696323147071 0.005357936368476683
-3.954448336779616 0.012703122214007068 0.006451264796239701 0.005425383695319995
-3.8916793155608915 0.012787744859513362 0.006540999210606981 0.005495514734635446
-3.828910294342167 0.01287635929864398 0.006634058196436351 0.0055684740316773035
-3.7661412731234436 0.012969222582358202 0.006730610709426861 0.005644416081278314
-3.7033722519047196 0.013066612930313512 0.006830836880831651 0.00572350617386247
-3.6406032306859952 0.013168831867401028 0.0069349289527767186 0.00580592132419509
-3.577834209467271 0.013276206614292914 0.0070430923115424975 0.005891851299666155
-3.5150651882485473 0.013389092769808751 0.007155546628793466 0.005981499763919742
-3.452296167029824 0.013507877331947778 0.007272527125509014 0.006075085551871925
-3.3895271458110994 0.013632982091513661 0.007394285973522276 0.006172844086923515
-3.326758124592375 0.013764867470060829 0.0075210938530717 0.006275028954705102
-3.263989103373651 0.013904036855792898 0.007653241685882359 0.006381913654634583
-3.2012200821549275 0.01405104151962527 0.007791042567842768 0.006493793559115977
-3.138451060936203 0.014206486197512655 0.007934833927835809 0.006610988115090362
-3.075682039717479 0.014371035447228854 0.008084979942018337 0.0067338433236619625
-3.0129130184987547 0.014545420901781797 0.008241874245268913 0.006862734536137883
-2.9501439972800307 0.014730449565992617 0.008405942969921561 0.006998069606829076
-2.8873749760613068 0.014927013332206746 0.008577648170609128 0.007140292457290045
-2.824605954842583 0.015136099924439624 0.008757491683812452 0.007289887119508221
-2.7618369336238584 0.015358805513827305 0.008946019488329739 0.007447382340853243
-2.6990679124051344 0.015596349308204999 0.009143826641469177 0.0076133568443938196
-2.6362988911864105 0.015850090474062505 0.009351562877148977 0.007788445349859988
-2.5735298699676865 0.01612154782198531 0.009569938971848845 0.00797334547740378
-2.5107608487489625 0.016412422782523785 0.009799733990819017 0.008168825684174439
-2.447991827530238 0.016724626313278125 0.010041803567330943 0.008375734416219596
-2.385222806311514 0.017060310519811415 0.010297089372089523 0.008595010699636458
-2.32245378509279 0.017421905953495718 0.010566629977321839 0.008827696435922646
-2.2596847638740662 0.017812165777900804 0.010851573350846444 0.009074950715168147
-2.1969157426553423 0.01823421827312526 0.011153191262902432 0.009338066522265046
-2.134146721436618 0.018691629528481975 0.01147289594647922 0.009618490291645796
-2.071377700217894 0.019188478646038877 0.011812259421948334 0.009917844877453293
-2.00860867899917 0.01972944825636307 0.012173035984421848 0.010237956627347024
-1.9458396577804458 0.02031993434297697 0.01255718846347165 0.010580887414649397
-1.8830706365617218 0.020966179668431548 0.012966919001372304 0.010948972670381685
-1.8203016153429976 0.021675437257903836 0.013404705274112317 0.01134486670656671
-1.7575325941242737 0.02245617162114508 0.013873343304464195 0.011771596944916212
-1.6947635729055497 0.023318308038938876 0.014375998305911977 0.012232629087682826
-1.6319945516868255 0.024273543440131544 0.014916265377757578 0.012731945816692293
-1.5692255304681015 0.02533573681545685 0.015498242366251736 0.013274142322536474
-1.5064565092493774 0.026521403212926738 0.01612661787043696 0.013864542904832277
-1.4436874880306534 0.02785034385206023 0.01680677825552017 0.014509344148165525
-1.3809184668119292 0.029346456817283515 0.01754493874055237 0.015215791897026034
-1.3181494455932052 0.03103878981581772 0.01834830527892388 0.015992401623362473
-1.2553804243744813 0.032962921083613726 0.019225276250882706 0.016849235079860716
-1.192611403155757 0.0351627905263376 0.020185696237503888 0.01779825078428827
-1.1298423819370331 0.03769315682422664 0.021241178800268507 0.01885375255137654
-1.067073360718309 0.0406229374601879 0.02240552202028727 0.020032970021713396
-1.004304339499585 0.04403981400343792 0.023695250635739913 0.021356819662111226
-0.9415353182808609 0.04805668258672098 0.02513033404675387 0.02285091679098092
-0.8787662970621368 0.05282084827158958 0.02673515335022287 0.024546943596938813
-0.8159972758434128 0.05852738969978996 0.028539828769564225 0.026484533119972856
-0.7532282546246887 0.06543902000223453 0.030582081622808278 0.02871391974840347
-0.6904592334059646 0.07391635527614145 0.03290991169111003 0.03129976109632095
-0.6276902121872406 0.0844654046658766 0.03558555938872992 0.03432680939092727
-0.5649211909685166 0.09781465191568323 0.03869157039169685 0.03790861663252851
-0.5021521697497925 0.11504530300873267 0.04234045855350331 0.04220144610479674
-0.4393831485310684 0.13782233131491423 0.046690869143841796 0.04742761871312765
-0.37661412731234434 0.16882971243127176 0.05197629349764342 0.05391714326667832
-0.3138451060936203 0.21265553198847134 0.05856015014516966 0.062187922918566826
-0.25107608487489624 0.2777841509497016 0.06705273021603805 0.07311697712908469
-0.18830706365617217 0.38176501925040535 0.07859721980270797 0.08836240522853833
-0.12553804243744812 0.5678769810232897 0.09573540953095487 0.11165769931866854
-0.06276902121872406 0.9843588021206472 0.12615315096474347 0.1546734415520283
0.0 2.2738903517517075 0.18287916489984385 0.262847349352449
0.06276902121872406 1.1096859370236627 0.13322889553174416 0.1699683497504265
0.12553804243744812 0.6525960672639474 0.10266389149790962 0.12535424848639556
0.18830706365617217 0.4403207494691864 0.08496134342689718 0.10026750757237259
0.25107608487489624 0.31974769277320353 0.07285364477679279 0.08349720670515301
0.3138451060936203 0.24365907787933747 0.06385236594784777 0.07130181511668049
0.37661412731234434 0.19231795280017577 0.05681839037404042 0.0619767748102071
0.4393831485310684 0.15599449348010774 0.05113596856563756 0.054602949605047156
0.5021521697497925 0.12935813194066703 0.04643476200416929 0.048628940980932935
0.5649211909685166 0.10926330916215332 0.0424748166573157 0.04369868347367214
0.6276902121872406 0.0937476787091429 0.039091887624378034 0.039569546453015234
0.6904592334059646 0.08153257699866126 0.03616872076870951 0.03606930464302618
0.7532282546246887 0.07175497446783677 0.03361878186553932 0.03307174044661545
0.8159972758434128 0.06381510861357773 0.0313764725789773 0.030481958149992446
0.8787662970621368 0.05728574061822463 0.029390956980049184 0.028227107304556145
0.9415353182808609 0.051855984305010455 0.027622108189771406 0.026250285556433408
1.004304339499585 0.04729538298921656 0.026037756526136865 0.02450639579403065
1.067073360718309 0.04343028365628044 0.024611767194695162 0.022959250793034118
1.1298423819370331 0.04012791626930014 0.023322663986996808 0.021579500318768267
1.192611403155757 0.03728543346486192 0.02215262252955933 0.020343115818439367
1.2553804243744813 0.03482222057560633 0.021086719841531546 0.01923026246079194
1.3181494455932052 0.03267440775863764 0.020112365533363246 0.018224446099002846
1.3809184668119292 0.030790893194822377 0.01921886424811787 0.017311859111075953
1.4436874880306534 0.029130420975614503 0.018397074555019485 0.016480872569543902
1.5064565092493774 0.02765940657346049 0.01763913985788444 0.01572163770341699
1.5692255304681015 0.02635029971749392 0.016938273823084875 0.015025770088513217
1.6319945516868255 0.02518033859787074 0.016288587617433483 0.014386097211075982
1.6947635729055497 0.02413059242532697 0.015684949584873036 0.013796455112055853
1.7575325941242737 0.023185218827837663 0.0151228703617501 0.013251523429705135
1.8203016153429976 0.022330882914097624 0.014598408137842836 0.01274669076039598
1.8830706365617218 0.021556299178330025 0.014108090015029918 0.012277944151425928
1.9458396577804458 0.020851867564864776 0.013648846337671421 0.01184177792966753
2.00860867899917 0.02020938229843393 0.013217955553551836 0.011435118118555921
2.071377700217894 0.01962179739482902 0.012812997686382888 0.011055259495516659
2.134146721436618 0.019083036670110916 0.012431814894570799 0.01069981296490256
2.1969157426553423 0.01858783879043028 0.012072477896595433 0.010366661399983114
2.2596847638740662 0.018131630403291066 0.0117332572815377 0.01005392247072076
2.32245378509279 0.01771042149181476 0.011412598905245156 0.009759917247195452
2.385222806311514 0.017320718772976407 0.011109102722347932 0.009483143589912419
2.447991827530238 0.016959453641806517 0.01082150451845595 0.009222253514365938
2.5107608487489625 0.01662392194703447 0.010548660100604389 0.008976033877786749
2.5735298699676865 0.016311733450670187 0.010289531579172765 0.008743389858521506
2.6362988911864105 0.01602076923300683 0.010043175434797897 0.008523330793063506
2.6990679124051344 0.01574914565928655 0.009808732111654795 0.008314958002238906
2.7618369336238584 0.015495183779187757 0.009585416928180155 0.008117454289062713
2.824605954842583 0.015257383251696689 0.009372512109729617 0.007930074842630514
2.8873749760613068 0.015034400046994176 0.009169359802540309 0.007752139331080746
2.9501439972800307 0.01482502731781484 0.00897535592724335 0.007583025015290448
3.0129130184987547 0.01462817893732051 0.00878994476436688 0.0074221607447122265
3.075682039717479 0.014442875288021538 0.008612614174035877 0.007269021712117689
3.138451060936203 0.014268230960521785 0.008442891367754118 0.007123124852762974
3.2012200821549275 0.014103444076273862 0.00828033916256584 0.006984024785994454
3.263989103373651 0.01394778698882915 0.008124552652194096 0.006851310218181167
3.326758124592375 0.013800598171821369 0.007975156250026472 0.0067246007504249035
3.3895271458110994 0.013661275122858859 0.007831801050941419 0.006603544048541417
3.452296167029824 0.013529268135852904 0.007694162476555022 0.006487813336143741
3.5150651882485473 0.013404074830891856 0.007561938168750113 0.00637710516497101
3.577834209467271 0.013285235330543077 0.0074348461013694815 0.006271137414945938
3.6406032306859952 0.013172328005249149 0.007312622884983538 0.006169647486455514
3.7033722519047196 0.01306496570192744 0.007195022241302915 0.006072390664297518
3.7661412731234436 0.012962792405678698 0.007081813628330067 0.005979138645934532
3.828910294342167 0.012865480270017658 0.006972780998433486 0.005889678224412823
3.8916793155608915 0.012772726972401506 0.0068677216754478125 0.005803810110188014
3.954448336779616 0.012684253356500868 0.00676644533582028 0.005721347861593025
4.01721735799834 0.012599801329005894 0.006668773084377435 0.0056421169003216505
4.079986379217064 0.01251913197104588 0.006574536613416768 0.005565953600661876
4.142755400435788 0.012442023847315511 0.0064835774358140185 0.005492704456999347
4.205524421654513 0.01236827148793125 0.006395746185938489 0.005422225336714993
4.268293442873236 0.012297684022524957 0.0063109019800525815 0.0053543808136543745
4.33106246409196 0.012230083947845666 0.006228911830652035 0.0052890435637986295
4.393831485310685 0.012165306018042417 0.006149650109523044 0.0052260937994954605
4.4566005065294085 0.01210319623965284 0.0060729980544829395 0.0051654187312595795
4.5193695277481325 0.012043610966702112 0.005998843316027914 0.0051069120637891735
4.582138548966856 0.01198641607446331 0.00592707954006552 0.005050473541927609
4.64490757018558 0.011931486221042559 0.005857605982413379 0.004996008553694102
4.707676591404304 0.01187870417644507 0.005790327155888823 0.004943427779587274
4.770445612623028 0.01182796022154194 0.005725152500604305 0.004892646861754329
4.833214633841752 0.011779151614148992 0.005661996081829802 0.004843586079893028
4.895983655060476 0.01173218211995604 0.005600776305492069 0.004796170032987582
4.958752676279201 0.011686961577465071 0.005541415646316603 0.0047503273473207775
5.021521697497925 0.01164340540498481 0.005483840375146567 0.004705990419065158
5.084290718716648 0.011601433748029286 0.005427980274312225 0.004663095159076535
5.147059739935373 0.011560969684692037 0.005373768373263085 0.004621580656938284
5.209828761154097 0.011521936811995943 0.005321140829798387 0.004581388774324534
5.272597782372821 0.011484261396467148 0.0052700370381595545 0.00454246418822275
5.335366803591545 0.011447881901761655 0.005220399620042427 0.00450475516306675
5.398135824810269 0.011412748361718378 0.005172174013324691 0.004468213304270672
5.460904846028994 0.0113788108331972 0.005125308031812425 0.004432792285774261
5.523673867247717 0.011346017010862113 0.005079751699191406 0.004398447551649764
5.586442888466441 0.011314315552784867 0.0050354572118302045 0.004365136567093745
5.649211909685166 0.011283657815494256 0.004992378885125301 0.004332818872763615
5.71198093090389 0.011253998073073236 0.0049504730668252245 0.004301455961514444
5.7747499521226135 0.011225293295093341 0.004909698035982748 0.004271011124809231
5.8375189733413375 0.011197502890534634 0.004870013901778042 0.004241449341693754
5.9002879945600615 0.01117058847990681 0.004831382506470746 0.004212737222803293
5.963057015778786 0.011144513723253705 0.004793767334854585 0.004184842970777147
6.025826036997509 0.011119244166969125 0.004757133428021144 0.004157736309255442
6.088595058216233 0.011094747116962716 0.004721447304602274 0.004131388361567392
6.151364079434958 0.011070991519828604 0.004686676885254318 0.004105771508342995
6.214133100653682 0.011047947868685891 0.004652791422866642 0.004080859280336151
6.276902121872406 0.011025588102006852 0.004619761436485061 0.00405662632182319
6.339671143091129 0.011003885523066076 0.004587558649537616 0.004033048407677334
6.402440164309855 0.010982814717585082 0.0045561559308058735 0.0040101024512095365
6.465209185528578 0.010962351481947241 0.00452552723937071 0.003987766444646797
6.527978206747302 0.010942472752734958 0.004495647571993515 0.0039660193288376675
6.590747227966026 0.010923156544837305 0.004466492914261932 0.0039448408518014885
6.65351624918475 0.010904381890002125 0.00443804019448256 0.003924211494374592
6.716285270403475 0.010886128782070672 0.004410267239170172 0.0039041124958340803
6.779054291622199 0.010868378122525692 0.004383152732462715 0.003884525933610976
6.841823312840922 0.010851111673346975 0.00435667617612677 0.003865434761019719
6.904592334059648 0.010834312009344227 0.00433081785176535 0.0038468227341510895
6.967361355278371 0.010817962476636007 0.0043055587854284125 0.003828674244854465
7.030130376497095 0.01080204715009905 0.004280880713841758 0.0038109741602541727
7.092899397715819 0.010786550798090717 0.0042567660546114095 0.003793707777247644
7.155668418934542 0.01077145884357572 0.004233197874778698 0.0037768609196558818
7.218437440153267 0.010756757333027792 0.004210159864050771 0.0037604200917278367
7.2812064613719905 0.010742432904120598 0.0041876363060057535 0.0037443725467807406
7.343975482590714 0.010728472754359137 0.004165612051872325 0.0037287061807227324
7.406744503809439 0.01071486461706937 0.0041440724956465025 0.0037134092959834435
7.469513525028163 0.010701596730225919 0.0041230035509433605 0.003698470392768127
7.532282546246887 0.010688657814583752 0.004102391630504993 0.0036838781443279374
7.595051567465611 0.010676037054807696 0.004082223626341951 0.0036696215848359562
7.657820588684334 0.010663724048194 0.004062486889677221 0.0036556903699964953
7.72058960990306 0.010651708847400593 0.0040431692104584815 0.0036420748978449246
7.783358631121783 0.010639981869028469 0.004024258797183186 0.003628766155162508
7.846127652340507 0.01062853391723938 0.004005744258366035 0.003615755364306887
7.908896673559232 0.01061735615479326 0.003987614587428368 0.0036030336685790756
7.971665694777956 0.010606440087000409 0.003969859149349611 0.003590592099782567
8.03443471599668 0.010595777547496467 0.0039524676692233385 0.003578421882347704
8.097203737215404 0.010585360671545328 0.0039354302178394845 0.0035665148719067024
8.159972758434128 0.010575181915075069 0.003918737195634148 0.0035548637969280254
8.222741779652852 0.010565233995287472 0.0039023793146632274 0.0035434620700832303
8.285510800871576 0.010555509912114765 0.003886347583166757 0.003532303255662727
8.3482798220903 0.010546002917822102 0.0038706332949668006 0.0035213805319883663
8.411048843309025 0.010536706520915845 0.0038552280244536627 0.0035106865603697687
8.473817864527748 0.010527614453166972 0.0038401236218670552 0.0035002139095462763
8.536586885746472 0.010518720672151963 0.0038253122072369923 0.0034899557886677486
8.599355906965195 0.010510019348515181 0.00381078615452964 0.0034799065740088795
8.66212492818392 0.010501504865593697 0.003796538071477979 0.003470061698016335
8.724893949402645 0.010493171814358214 0.003782560781404763 0.0034604168777976133
8.78766297062137 0.010485014981647375 0.003768847313860177 0.0034509671567122774
8.850431991840091 0.010477029336719337 0.003755390906855201 0.003441706429172061
8.913201013058817 0.010469210020520503 0.0037421850166801797 0.0034326278689094775
8.975970034277541 0.010461552343559728 0.0037292233219320438 0.003423725078086664
9.038739055496265 0.010454051767953188 0.003716499713971337 0.0034149932267500517
9.101508076714989 0.01044670391571526 0.0037040082663212567 0.00340642935308569
9.164277097933711 0.01043950455306291 0.0036917432027121526 0.0033980314769527947
9.227046119152437 0.01043244958800635 0.0036796988744753523 0.0033897969726329356
9.28981514037116 0.010425535062478876 0.0036678697675539664 0.003381721239230227
9.352584161589885 0.010418757149577487 0.0036562505351473277 0.0033737976461119834
9.415353182808609 0.0104121121471658 0.0036448360366415434 0.0033660189859035525
9.478122204027333 0.010405596474830211 0.003633621352180608 0.003358379653495836
9.540891225246057 0.010399206669790639 0.0036226017530037766 0.0033508771539810843
9.60366024646478 0.010392939380269172 0.0036117726318873637 0.003343511797828698
9.666429267683505 0.010386791363914686 0.003601129429419474 0.003336284506843231
9.72919828890223 0.010380759473891504 0.0035906676021120235 0.0033291939244709176
9.791967310120953 0.010374840663464094 0.0035803826628888293 0.0033222346601535827
9.854736331339677 0.010369031972943735 0.0035702702804461727 0.0033153980142594354
9.917505352558402 0.010363330534163469 0.0035603263819438814 0.003308675084463772
9.980274373777126 0.010357733574796421 0.0035505471837518126 0.0033020605737723602
10.04304339499585 0.010352238409820781 0.0035409291076196137 0.003295554914867824
10.105812416214572 0.010346842433094866 0.0035314686060103177 0.003289163070083764
10.168581437433296 0.01034154311285736 0.0035221619868485597 0.0032828902679776593
10.231350458652022 0.010336337991514916 0.0035130053527735188 0.0032767369268845658
10.294119479870746 0.010331224681638626 0.0035039947243508274 0.003270695852147623
10.35688850108947 0.010326200862737833 0.0034951263140082104 0.003264753812662823
10.419657522308194 0.010321264278859871 0.003486396815164958 0.0032588971899482596
10.482426543526918 0.010316412732367497 0.003477803513662616 0.0032531188346459016
10.545195564745642 0.010311644088575133 0.003469344123163858 0.0032474221043023196
10.607964585964366 0.010306956285447639 0.0034610163378485607 0.003241819191304212
10.67073360718309 0.010302347340896913 0.0034528173367303927 0.0032363238864475765
10.733502628401814 0.010297815334810683 0.0034447435110454105 0.003230942265708907
10.796271649620538 0.010293358392361571 0.0034367906460944704 0.003225666484627028
10.859040670839262 0.010288974677578113 0.003428954566414378 0.0032204757678942894
10.921809692057987 0.010284662401040836 0.003421231977225293 0.003215345110171383
10.984578713276711 0.010280419822213843 0.003413621053573128 0.0032102578583845538
11.047347734495434 0.01027624524976666 0.0034061213626914062 0.0032052155657216466
11.110116755714158 0.010272137037463788 0.003398732987903285 0.0032002391111351507
11.172885776932882 0.010268093581034358 0.0033914551503004997 0.0031953591842350444
11.235654798151607 0.0102641133141842 0.0033842849816169925 0.0031905999082388723
11.298423819370331 0.01026019470772453 0.0033772171747686267 0.003185963563274484
11.361192840589055 0.010256336268837742 0.0033702449347653277 0.0031814247540958226
11.42396186180778 0.010252536550992036 0.0033633620360061915 0.003176938477865495
11.486730883026503 0.010248794141034037 0.0033565651476284097 0.003172459915933414
11.549499904245227 0.010245107670267489 0.0033498552393139655 0.003167967304012747
11.612268925463951 0.010241475804316199 0.0033432370887512036 0.0031634763079986276
11.675037946682675 0.010237897238982118 0.003336716675622363 0.0031590371941721037
11.737806967901399 0.010234370690937092 0.003330297293126288 0.0031547139990785347
11.800575989120123 0.0102308948974324 0.003323976051045769 0.003150553952522265
11.863345010338847 0.0102274686082769 0.0033177426302501566 0.00314656087652452
11.926114031557573 0.010224090602865828 0.0033115814550510815 0.0031426856580450773
11.988883052776295 0.010220759694079984 0.0033054770418857325 0.0031388405682984083
12.051652073995019 0.010217474732523069 0.0032994206809995714 0.0031349342938609658
12.114421095213743 0.010214234616959647 0.0032934155472713134 0.003130914287742516
12.177190116432467 0.01021103827983766 0.003287477440805967 0.0031267971320051787
12.239959137651192 0.010207884677405204 0.003281629815377622 0.0031226706033395386
12.302728158869916 0.010204772766950133 0.0032758941042755063 0.003118663321459938
12.365497180088639 0.010201701494279014 0.003270278667140325 0.0031148929453720447
12.428266201307364 0.010198669789630145 0.0032647709250778114 0.003111413481141595
12.491035222526088 0.010195676579977603 0.0032593368047846814 0.003108182734694641
12.553804243744812 0.010192720815524763 0.0032539293587584978 0.003105064505009063
12.616573264963536 0.010189801500469574 0.0032485049775506417 0.003101869739580932
12.679342286182258 0.010186917716044712 0.0032430420179008724 0.003098427075997356
12.742111307400984 0.01018406861930746 0.0032375545115440473 0.003094657839344096
12.80488032861971 0.010181253425068008 0.00323209423349425 0.0030906220012251913
12.867649349838432 0.010178471349554546 0.0032267380895304905 0.003086510297253083
12.930418371057156 0.010175721560297326 0.0032215632223012098 0.003082582703233976
12.99318739227588 0.01017300312237843 0.003216617156164195 0.003079078168607676
13.055956413494604 0.010170314987642731 0.003211892840104976 0.0030761285108020127
13.11872543471333 0.01016765602260623 0.0032073180618982936 0.00307370146954806
13.181494455932052 0.010165025083801918 0.0032027657193967247 0.003071587567235247
13.244263477150778 0.010162421120904196 0.003198086088962554 0.0030694405798639066
13.3070324983695 0.010159843274508747 0.003193154767262278 0.003066875002129537
13.369801519588224 0.010157290937717577 0.0031879220287544152 0.003063602768513812
13.43257054080695 0.010154763749594209 0.0031824450115337287 0.0030595585427099408
13.495339562025672 0.010152261508116923 0.003176887757036373 0.003054948736801627
13.558108583244397 0.010149784023830015 0.0031714857424758962 0.003050193425971305
13.620877604463121 0.010147330902088926 0.003166484971815637 0.0030457929384737005
13.683646625681844 0.010144901434444518 0.0031620731050407904 0.003042185119551492
13.74641564690057 0.010142494264304294 0.003158319073151251 0.0030396400649271285
13.809184668119295 0.010140107145753452 0.0031551327283438763 0.003038198140422887
13.871953689338017 0.010137736712873293 0.0031522536621168325 0.003037636445203118
13.934722710556741 0.010135379354925287 0.00314927989491986 0.003037462243425458
13.997491731775463 0.01013303311154987 0.003145746415720171 0.0030369649017608297
14.06026075299419 0.010130698042778549 0.003141250171598446 0.0030353747027609982
14.123029774212915 0.01012837508399722 0.003135589323375579 0.003032129126025812
14.185798795431637 0.010126065506714601 0.0031288582512863043 0.0030271316369965265
14.248567816650361 0.010123770914506695 0.0031214470102540635 0.003020822858254885
14.311336837869083 0.010121493041720109 0.003113942976541592 0.003013999813187249
14.374105859087809 0.01011923322757365 0.0031069864014693594 0.003007519396418503
14.436874880306535 0.010116991718608836 0.0031011446179489183 0.0030020765681139368
14.499643901525257 0.010114767006420475 0.0030968382986020456 0.0029981313327029227
14.562412922743981 0.010112555511666817 0.0030943115317800347 0.0029959375737978436
14.625181943962707 0.010110351712060685 0.0030936139152617013 0.002995593296119625
14.687950965181429 0.010108148371621592 0.0030945616543162887 0.002997052007579214
14.750719986400155 0.010105937055680862 0.0030966610236430165 0.00300005993867814
14.813489007618879 0.010103709130250285 0.0030990154501773113 0.003004010256113651
14.876258028837603 0.01010145700381855 0.003100304535251598 0.0030077738359487642
14.939027050056326 0.010099175352853573 0.003098987619593778 0.0030097114798229843
15.001796071275049 0.010096862158565235 0.0030938222201848577 0.0030081644305883356
15.064565092493774 0.010094519365146085 0.0030844906995707165 0.003002375502937659
15.1273341137125 0.010092153075992396 0.0030718412552438626 0.002993069091578845
15.190103134931222 0.010089773246845245 0.0030574755020262388 0.0029819920755289387
15.252872156149946 0.010087392936617442 0.003043021103532564 0.0029708885805658967
15.315641177368668 0.010085027262413055 0.0030296271805512346 0.002960859396935609
15.378410198587394 0.010082692212491187 0.003017862907215856 0.002952334143841256
15.44117921980612 0.010080403510153567 0.0030078609064401415 0.002945318380709412
15.503948241024842 0.010078175643995959 0.002999507836148365 0.0029396281386010943
15.566717262243566 0.010076021166002468 0.0029925874558264154 0.0029350297806033992
15.629486283462292 0.010073950248280202 0.0029868631083562404 0.002931303612784917
15.692255304681014 0.010071970533382678 0.0029821164751812294 0.002928265155022862
15.75502432589974 0.010070087176728852 0.002978161335759024 0.0029257673287200517
15.817793347118464 0.010068303046199384 0.0029748451066796172 0.0029236956753121396
15.880562368337186 0.010066619031985243 0.002972045342886698 0.002921961988220484
15.943331389555912 0.010065034374759826 0.002969664753056494 0.002920498411447234
16.006100410774636 0.010063547016633784 0.0029676262922877735 0.002919252596596105
16.06886943199336 0.010062153923227457 0.0029658689101505764 0.0029181839378937557
16.131638453212084 0.010060851369334779 0.0029643440800957137 0.0029172607200441134
16.194407474430808 0.010059635182304355 0.0029630130503176416 0.0029164579824595906
16.25717649564953 0.010058500940019104 0.002961844706833714 0.002915755925519999
16.319945516868255 0.010057444130110244 0.002960813916427129 0.002915138720342544
16.38271453808698 0.010056460267741249 0.0029599002538908343 0.002914593616544082
16.445483559305703 0.010055544989780039 0.002959087017231951 0.002914110269347543
16.508252580524427 0.010054694115431279 0.002958360468398255 0.0029136802292136616
16.57102160174315 0.010053903693983433 0.0029577092427008336 0.0029132965516202526
16.633790622961875 0.0100531700320984 0.0029571238891091312 0.0029129534970915995
16.6965596441806 0.010052489712645295 0.0029565965095503066 0.0029126462990089726
16.759328665399323 0.010051859603410023 0.0029561204755400305 0.0029123709828077515
16.82209768661805 0.010051276861532482 0.002955690203660282 0.0029121242248654373
16.88486670783677 0.010050738933880986 0.0029553009767872337 0.0029119032418672424
16.947635729055495 0.010050243555248367 0.002954948802060127 0.002911705703796616
17.01040475027422 0.010049788747269807 0.0029546302963959744 0.0029115296649770838
17.073173771492943 0.010049372817812173 0.0029543425949770516 0.0029113735105438412
17.13594279271167 0.010048994361663847 0.0029540832775722106 0.002911235913320865
17.19871181393039 0.010048652265714678 0.0029538503089126733 0.002911115800474673
17.26148083514912 0.010048345717808842 0.002953641991675062 0.0029110123275009627
17.32424985636784 0.010048074216444292 0.0029534569285544652 0.002910924858751268
17.387018877586563 0.010047837602255283 0.002953293993465291 0.0029108529538824203
17.44978789880529 0.010047636062134005 0.002953152308994939 0.002910796359014408
17.51255692002401 0.010047470196635155 0.002953031231599015 0.0029107550051793874
17.57532594124274 0.01004734104960337 0.0029529303417222042 0.0029107290097725074
17.638094962461462 0.010047250185498367 0.0029528494399275297 0.002910718685660052
17.700863983680183 0.010047199776493595 0.002952788550151325 0.002910724555543151
17.76363300489891 0.010047192720389246 0.0029527479245139788 0.0029107473733534094
17.826402026117634 0.010047232797526312 0.0029527280626627656 0.0029107881538624806
17.889171047336358 0.010047324868891339 0.0029527297312219192 0.0029108482121280783
17.951940068555082 0.010047475155719158 0.002952753996595922 0.002910929214933493
18.014709089773802 0.010047691598836448 0.0029528022688807623 0.002911033249719359
18.07747811099253 0.010047984352732495 0.0029528763602756003 0.0029111629131650598
18.140247132211254 0.010048366469579906 0.002952978563666286 0.0029113214297562086
18.203016153429978 0.01004885484051319 0.0029531117585600815 0.0029115128090246903
18.265785174648702 0.010049471540779183 0.002953279553348437 0.0029117420580846267
18.328554195867422 0.010050245760928006 0.002953486481659411 0.002912015472880567
18.39132321708615 0.010051216653186345 0.0029537382744604956 0.002912341045201846
18.454092238304874 0.010052437616849916 0.002954042247588609 0.0029127290465559303
18.516861259523598 0.010053982930022007 0.0029544078636926864 0.0029131928848583873
18.57963028074232 0.010055958323630116 0.0029548475698213442 0.0029137504100042832
18.642399301961046 0.010058518436932588 0.0029553780800255854 0.0029144259681357252
18.70516832317977 0.010061896800568522 0.0029560223969378454 0.0029152537803774406
18.767937344398494 0.010066459707907406 0.0029568130861878784 0.002916283767669534
18.830706365617218 0.010072807847558735 0.0029577976688911533 0.002917592120764021
18.89347538683594 0.010081977589889032 0.0029590474021658087 0.0029193014203116193
18.956244408054665 0.010095851876081977 0.0029606701238823066 0.0029216197540063576
19.01901342927339 0.010117956398311409 0.0029628203159470694 0.0029249097572309475
19.081782450492113 0.010154352220475853 0.0029656579406096674 0.002929729894565434
19.14455147171084 0.010209311869633565 0.0029690565770786994 0.0029362237595142865
19.20732049292956 0.010257007992837462 0.002971776541722753 0.002941086647546286
19.270089514148285 0.010244584629178271 0.00297158804293103 0.0029389758901827282
19.33285853536701 0.01019970683692939 0.002968692353396515 0.0029336611175285487
19.395627556585733 0.010163108550919816 0.002965457219624889 0.002929295377279434
19.45839657780446 0.010137662237708312 0.0029628840333406773 0.002925947473480648
19.52116559902318 0.01011886913360717 0.0029608738479205907 0.0029231666363693787
19.583934620241905 0.010104149877150222 0.002959207347159981 0.0029207815622964667
19.646703641460633 0.010092353809359116 0.002957768008991563 0.0029187494240221113
19.709472662679353 0.010082870509689548 0.0029565095544534323 0.0029170451974824987
19.77224168389808 0.010075267541617935 0.002955411838290423 0.00291563363081646
19.835010705116805 0.010069186962330317 0.002954460030400216 0.002914471307254073
19.897779726335525 0.010064323833241347 0.0029536385361560165 0.0029135137694498
19.960548747554252 0.010060423027962843 0.002952930719583227 0.002912720635742249
20.023317768772973 0.010057276774177318 0.0029523200702726606 0.002912057922909925
20.0860867899917 0.010054719900243704 0.002951791271122213 0.00291149838759737
20.148855811210424 0.010052623486570877 0.002951330813109758 0.00291102081568151
20.211624832429145 0.010050888125494683 0.002950927203912931 0.0029106089261210126
20.274393853647872 0.010049437666795363 0.0029505709049366773 0.0029102502671798877
20.337162874866593 0.010048213867377061 0.0029502541233675165 0.0029099352726643366
20.39993189608532 0.010047172078960468 0.0029499705470941505 0.0029096565217715457
20.462700917304044 0.010046277867178184 0.002949715078189545 0.0029094081860580744
20.525469938522768 0.010045504529645716 0.0029494835923331636 0.0029091856262318935
20.588238959741492 0.010044831110813073 0.0029492727364136785 0.0029089851015670293
20.651007980960216 0.01004424104854612 0.002949079763974948 0.0029088035596675876
20.71377700217894 0.010043721116744016 0.002948902408125102 0.002908638483397507
20.776546023397664 0.010043260654682959 0.002948738778881892 0.002908487777743409
20.839315044616388 0.010042850993471197 0.002948587288078221 0.002908349684947862
20.902084065835112 0.010042485022063811 0.0029484465901295424 0.002908222720300137
20.964853087053836 0.010042156859435684 0.0029483155359725875 0.0029081056215400592
21.02762210827256 0.010041861606826614 0.0029481931380704145 0.002907997310227683
21.090391129491284 0.010041595154958593 0.002948078542547863 0.0029078968604113083
21.153160150710008 0.010041354048743062 0.0029479710070421557 0.0029078034735457504
21.21592917192873 0.01004113535694213 0.0029478698831579167 0.0029077164575649233
21.278698193147456 0.010040936574232568 0.0029477746019978637 0.0029076352092325063
21.34146721436618 0.010040755539317889 0.0029476846622218606 0.0029075591994650865
21.404236235584904 0.010040590378867202 0.0029475996212236888 0.002907487962521457
21.467005256803628 0.010040439474810696 0.0029475190861991247 0.002907421087124947
21.52977427802235 0.010040301443812478 0.002947442707805031 0.0029073582102230955
21.592543299241076 0.010040175113385582 0.00294737017523408 0.0029072990109536958
21.655312320459803 0.010040059462769091 0.0029473012109026094 0.002907243204392831
21.718081341678523 0.010039953576717707 0.0029472355670811376 0.0029071905356155524
21.780850362897247 0.010039856602797465 0.0029471730225190044 0.0029071407753572783
21.843619384115975 0.010039767746448627 0.0029471133794063457 0.0029070937184322086
21.906388405334695 0.010039686311576706 0.002947056460694846 0.0029070491835983736
21.969157426553423 0.010039611737896213 0.0029470021072686603 0.0029070070146142387
22.031926447772143 0.010039543614155572 0.0029469501761024697 0.0029069670773869015
22.094695468990867 0.010039481640816533 0.002946900537301296 0.0029069292551602856
22.157464490209595 0.01003942555271957 0.0029468530722431443 0.002906893441292709
22.220233511428315 0.010039375039703683 0.002946807672957583 0.0029068595328331733
22.283002532647043 0.010039329711978448 0.0029467642404565463 0.0029068274277045257
22.345771553865763 0.01003928912500623 0.0029467226842294202 0.0029067970264955627
22.40854057508449 0.010039252876299042 0.0029466829220429376 0.002906768238104069
22.471309596303215 0.010039220689291955 0.0029466448791847567 0.0029067409862730386
22.534078617521935 0.010039192498507318 0.002946608488157385 0.0029067152135858624
22.596847638740662 0.010039168428852052 0.002946573687748379 0.0029066908807865465
22.659616659959386 0.010039148711510815 0.002946540422679423 0.002906667960974001
22.72238568117811 0.010039133557227766 0.0029465086421648274 0.0029066464313367516
22.785154702396834 0.010039123039063772 0.002946478299629154 0.0029066262657031073
22.84792372361556 0.010039117021092302 0.002946449351688279 0.0029066074299950776
22.910692744834282 0.010039115155238676 0.0029464217583614143 0.002906589882339999
22.973461766053006 0.010039116958314947 0.002946395482554532 0.00290657357780865
23.03623078727173 0.010039121984413738 0.0029463704903066657 0.002906558479693351
23.098999808490454 0.010039130008449956 0.0029463467505552246 0.0029065445708588893
23.161768829709178 0.010039141086286273 0.0029463242361119682 0.002906531857452717
23.224537850927902 0.010039155743067222 0.0029463029245300645 0.0029065203792519485
23.287306872146626 0.010039174937800563 0.002946282796418916 0.002906510204885497
23.35007589336535 0.010039199462272387 0.002946263829406294 0.002906501392594639
23.412844914584074 0.010039229781828736 0.0029462459941814894 0.002906493974929631
23.475613935802798 0.010039266063061091 0.0029462292525521292 0.00290648795851913
23.538382957021522 0.010039308208233991 0.0029462135581192145 0.0029064833196970185
23.601151978240246 0.010039355868974304 0.002946198855422186 0.0029064800000795075
23.66392099945897 0.010039408506107924 0.0029461850816003034 0.0029064779039923794
23.726690020677694 0.010039465510550679 0.0029461721699372413 0.0029064768997646225
23.789459041896418 0.010039526379655266 0.0029461600584935223 0.0029064768256116193
23.852228063115145 0.010039590959734362 0.0029461487075273336 0.0029064775002172975
23.914997084333866 0.010039659678137133 0.002946138132839458 0.0029064787398263613
23.97776610555259 0.01003973391727902 0.0029461284647870852 0.0029064803952099758
24.040535126771314 0.010039816738755042 0.0029461200234721656 0.0029064824386051354
24.103304147990038 0.01003991433371803 0.0029461133666190756 0.002906485148924686
24.166073169208765 0.010040037953242426 0.0029461090978209416 0.0029064893949266074
24.228842190427486 0.010040202589226357 0.0029461069114647158 0.0029064966627851746
24.291611211646213 0.010040406696088201 0.0029461033612002666 0.002906507167875248
24.354380232864933 0.010040566749047268 0.0029460905914284966 0.0029065129485086653
24.417149254083657 0.010040498829581067 0.0029460624815725502 0.0029064947928073297
24.479918275302385 0.010040181500269559 0.00294602315534736 0.002906449104846069
24.542687296521105 0.010039826988380369 0.002945981924064572 0.002906397709453687
24.605456317739833 0.01003956085358896 0.0029459443040296684 0.002906354761533169
24.668225338958557 0.010039383807152172 0.002945911443847554 0.0029063212386437227
24.730994360177277 0.010039267266874045 0.002945882718396264 0.002906294579722417
24.793763381396005 0.010039188556352158 0.0029458572147602843 0.0029062725596033546
24.85653240261473 0.010039133788088971 0.0029458341757976174 0.0029062537404838376
24.919301423833453 0.010039094990632446 0.00294581305060185 0.002906237245392108
24.982070445052177 0.010039067592112578 0.0029457934514024956 0.0029062225323748104
25.044839466270897 0.010039048854197088 0.0029457751038164666 0.002906209250181759
25.107608487489625 0.010039037008213049 0.002945757809796065 0.002906197156137749
25.17037750870835 0.010039030811932206 0.002945741422265468 0.002906186071940357
25.233146529927073 0.010039029336752154 0.0029457258288360755 0.0029061758603106387
25.295915551145793 0.010039031860982334 0.0029457109411268616 0.002906166411833097
25.358684572364517 0.010039037814230267 0.0029456966881938954 0.0029061576388401344
25.421453593583244 0.010039046733066258 0.00294568301136823 0.0029061494690218763
25.48422261480197 0.010039058226401694 0.002945669861967895 0.0029061418430814533
25.546991636020692 0.010039071928671414 0.0029456571982657467 0.0029061347107224686
25.60976065723942 0.010039087445255493 0.00294564498412152 0.002906128026303214
25.67252967845814 0.010039104292880878 0.0029456331873726938 0.0029061217434292793
25.735298699676864 0.010039121847687365 0.002945621779156572 0.0029061158100347957
25.798067720895588 0.010039139376372177 0.0029456107338628663 0.002906110167590732
25.860836742114312 0.010039156172298157 0.002945600026396599 0.0029061047585499005
25.92360576333304 0.010039171792480974 0.002945589640328994 0.002906099540334049
25.98637478455176 0.010039186241836714 0.002945579558869028 0.0029060944973709852
26.049143805770484 0.010039199951006874 0.0029455697700782623 0.0029060896399208643
26.111912826989208 0.010039213551957015 0.0029455602645581556 0.002906084990519682
26.174681848207936 0.010039227619344268 0.002945551034183716 0.002906080568493389
26.23745086942666 0.01003924253820286 0.0029455420712212036 0.002906076381451695
26.30021989064538 0.010039258488475755 0.002945533367701461 0.0029060724253869128
26.362988911864104 0.010039275504440533 0.002945524915329701 0.002906068688294161
26.425757933082828 0.010039293540126743 0.002945516705514422 0.0029060651553899776
26.488526954301555 0.010039312520227741 0.0029455087298601275 0.0029060618126682696
26.55129597552028 0.010039332372394018 0.002945500980603318 0.0029060586489783324
26.614064996739 0.010039353041369516 0.0029454934504185024 0.0029060556569432514
26.676834017957724 0.010039374494747875 0.0029454861329365092 0.0029060528328532283
26.739603039176448 0.01003939672238778 0.002945479022450936 0.0029060501759141945
26.802372060395175 0.010039419732751428 0.002945472114056358 0.002906047687059077
26.8651410816139 0.010039443550737711 0.0029454654031375012 0.002906045368583718
26.927910102832623 0.010039468214431226 0.0029454588851169834 0.0029060432230149673
26.990679124051344 0.010039493768843008 0.0029454525550128095 0.0029060412526787927
27.053448145270067 0.010039520242288193 0.002945446406688746 0.0029060394586854564
27.116217166488795 0.01003954763271453 0.0029454404325465968 0.002906037839049718
27.17898618770752 0.01003957582328365 0.002945434622694327 0.0029060363851320195
27.241755208926243 0.010039604509984996 0.0029454289648430916 0.0029060350757201437
27.304524230144963 0.010039633117028036 0.0029454234459780518 0.002906033872590951
27.367293251363687 0.010039660825136278 0.0029454180515619565 0.0029060327209683434
27.430062272582415 0.010039686816639302 0.002945412770152744 0.0029060315649750675
27.49283129380114 0.010039710681672576 0.002945407594116409 0.0029060303727184975
27.555600315019863 0.010039732668489074 0.0029454025209398114 0.00290602915195945
27.61836933623859 0.010039753516551004 0.002945397552583809 0.002906027940524886
27.681138357457307 0.010039774053823232 0.0029453926938243636 0.0029060267817565284
27.743907378676035 0.010039794897862333 0.002945387949926061 0.0029060257064580782
27.80667639989476 0.01003981638508112 0.0029453833257109692 0.002906024730496994
27.869445421113483 0.010039838634403078 0.002945378823725142 0.0029060238587494264
27.93221444233221 0.010039861644536343 0.0029453744454464347 0.0029060230915205825
27.994983463550927 0.01003988535410811 0.002945370190694752 0.0029060224279536203
28.057752484769654 0.010039909684464422 0.0029453660585185082 0.0029060218674996146
28.12052150598838 0.010039934556319005 0.00294536204706226 0.002906021409976282
28.183290527207102 0.010039959898493428 0.0029453581539746333 0.0029060210550019457
28.24605954842583 0.01003998564943239 0.002945354376399494 0.0029060208010871337
28.308828569644547 0.010040011758280794 0.002945350711031476 0.0029060206454760663
28.371597590863274 0.010040038178047918 0.002945347153741925 0.002906020583837772
28.434366612082 0.010040064873226234 0.0029453436996856276 0.002906020610356398
28.497135633300722 0.010040091809899523 0.0029453403428268466 0.0029060207181751427
28.55990465451945 0.010040118957609439 0.002945337075600415 0.0029060208997961122
28.622673675738167 0.01004014629098863 0.0029453338882599804 0.002906021147298938
28.685442696956894 0.01004017379045486 0.00294533076801076 0.002906021452141719
28.748211718175618 0.010040201447747457 0.0029453276981791137 0.00290602180502714
28.810980739394342 0.010040229267733033 0.0029453246567759943 0.002906022194232206
28.87374976061307 0.010040257272575832 0.0029453216153170823 0.0029060226050155614
28.936518781831793 0.010040285504707275 0.0029453185380276135 0.0029060230172365483
28.999287803050514 0.010040314014208743 0.002945315382357804 0.0029060234037067193
29.062056824269238 0.010040342874538418 0.0029453121028901862 0.0029060237293909164
29.124825845487962 0.010040372167044283 0.0029453086594324277 0.002906023953253458
29.18759486670669 0.010040401984465992 0.0029453050315709607 0.0029060240354312904
29.250363887925413 0.010040432425858878 0.0029453012381397384 0.002906023953829777
29.313132909144134 0.01004046357246926 0.0029452973517009183 0.002906023723461931
29.375901930362858 0.010040495442697401 0.002945293499248763 0.002906023416980381
29.438670951581585 0.010040527883191859 0.0029452898369770877 0.0029060231575046523
29.50143997280031 0.010040560445301267 0.0029452865076872534 0.0029060230782835947
29.564208994019033 0.010040592378330196 0.002945283602017338 0.002906023268266711
29.626978015237757 0.01004062292274946 0.0029452811445193584 0.002906023749961763
29.689747036456478 0.010040651789781781 0.002945279106984541 0.0029060245050029723
29.752516057675205 0.010040679339458878 0.0029452774344984056 0.0029060255090931444
29.81528507889393 0.010040706323319513 0.0029452760666472603 0.0029060267449673082
29.878054100112653 0.010040733538329565 0.0029452749485766516 0.0029060281966928536
29.94082312133138 0.010040761511699043 0.002945274033349816 0.0029060298388762515
30.003592142550097 0.01004079042535344 0.0029452732823725077 0.0029060316350650074
30.066361163768825 0.01004082021892031 0.0029452726642769265 0.002906033545679116
30.12913018498755 0.010040850712626923 0.0029452721544522067 0.0029060355352169194
30.191899206206273 0.010040881677183453 0.0029452717340565505 0.002906037575075843
30.254668227425 0.010040912863551275 0.0029452713892414205 0.0029060396445070536
30.317437248643717 0.010040944048722824 0.002945271110323387 0.0029060417308668473
30.380206269862445 0.01004097508363186 0.0029452708912384032 0.0029060438311289153
30.44297529108117 0.010041005926604995 0.002945270728701221 0.00290604595149291
30.505744312299893 0.010041036632606748 0.002945270621745855 0.0029060481046288738
30.56851333351862 0.010041067309007367 0.0029452705708226307 0.002906050304830082
30.631282354737337 0.010041098066017738 0.002945270576892963 0.0029060525634432566
30.694051375956064 0.01004112899119742 0.0029452706411680933 0.002906054886373381
30.75682039717479 0.010041160138582058 0.0029452707645871777 0.00290605727311409
30.819589418393512 0.010041191533427602 0.002945270947670159 0.0029060597179359094
30.88235843961224 0.010041223181463181 0.0029452711905745754 0.0029060622115340655
30.945127460830964 0.010041255079877893 0.002945271493285594 0.0029060647433377996
31.007896482049684 0.010041287219217657 0.0029452718559769483 0.0029060673037823222
31.07066550326841 0.01004131958888839 0.002945272279206136 0.0029060698862254405
31.133434524487132 0.010041352179465491 0.0029452727639338 0.0029060724881197716
31.19620354570586 0.010041384983135143 0.0029452733118071296 0.002906075112150691
31.258972566924584 0.010041417994699695 0.0029452739249729706 0.0029060777647767775
31.321741588143304 0.010041451210672373 0.002945274605922779 0.002906080455986541
