-31.384510609362028 0.015625084133352483 0.012844383489600328 0.01315517443829485
-31.321741588143304 0.015626067971707555 0.012844429678983223 0.013155539845364333
-31.258972566924584 0.015627053337891703 0.012844475909564864 0.013155905629756203
-31.19620354570586 0.015628041533172474 0.012844522182830666 0.013156271573890899
-31.133434524487132 0.015629028273100462 0.012844568604877317 0.013156637660351156
-31.07066550326841 0.015630015930714322 0.012844615044457622 0.013157003960547304
-31.007896482049684 0.015631003888114135 0.012844661590409239 0.013157370571278623
-30.945127460830964 0.015631992940295984 0.012844708587743623 0.01315773721804113
-30.88235843961224 0.0156329822371431 0.012844755189725244 0.013158104494215407
-30.819589418393512 0.015633972489011792 0.012844801620658142 0.01315847164568991
-30.75682039717479 0.015634963122681714 0.012844848770018444 0.013158839341711703
-30.694051375956064 0.01563595438549479 0.012844895783958768 0.013159207142966634
-30.631282354737337 0.01563694626853002 0.012844942847616262 0.01315957537067059
-30.56851333351862 0.01563793917539685 0.012844990052972962 0.013159943856638727
-30.505744312299893 0.015638932540091976 0.012845037432614751 0.013160312564789648
-30.44297529108117 0.01563992676846023 0.0128450847537927 0.0131606815674176
-30.380206269862445 0.015640921324123633 0.012845132316867777 0.013161050947675515
-30.317437248643717 0.01564191605505718 0.01284517988379105 0.013161420711431419
-30.254668227425 0.015642912673826562 0.012845227563750904 0.013161790587783563
-30.191899206206273 0.015643909784797953 0.012845275310038375 0.013162160911467807
-30.12913018498755 0.015644907513424938 0.012845322749159895 0.013162531598355358
-30.066361163768825 0.015645906234935336 0.01284537203958155 0.013162902671484636
-30.003592142550097 0.015646905662758656 0.01284542014958851 0.013163274115455089
-29.94082312133138 0.01564790668023616 0.012845468747584491 0.013163645709431841
-29.878054100112653 0.015648906763564452 0.012845516833422025 0.01316401787948333
-29.81528507889393 0.015649909534194022 0.012845565803466753 0.013164390586925145
-29.752516057675205 0.01565091157927712 0.012845614724894963 0.013164763258633735
-29.689747036456478 0.015651914906193862 0.012845663611269749 0.013165136294308932
-29.626978015237757 0.015652919158879026 0.012845713067078733 0.01316551013500652
-29.564208994019033 0.01565392436156376 0.012845762150116924 0.013165884061919791
-29.50143997280031 0.015654929819445385 0.012845811580530291 0.01316625868269348
-29.438670951581585 0.015655936900579745 0.012845861377565274 0.01316663368035137
-29.375901930362858 0.015656944313114943 0.012845911011213986 0.013167008966027759
-29.313132909144134 0.015657952570334997 0.012845960864368953 0.013167384612451908
-29.250363887925413 0.0156589618619781 0.012846011154609314 0.013167760874050286
-29.18759486670669 0.015659972207138273 0.012846061200245791 0.013168137605805975
-29.124825845487962 0.015660983066150977 0.01284611138826847 0.013168514654002893
-29.062056824269238 0.015661995443660245 0.012846163090800023 0.013168892197941312
-28.999287803050514 0.01566300917470899 0.012846213541806824 0.013169270218136433
-28.936518781831793 0.015664023555091482 0.012846264604959313 0.013169648828877865
-28.87374976061307 0.015665038181490593 0.012846315929294477 0.013170027759483536
-28.810980739394342 0.01566605553181876 0.012846367173332896 0.013170407190794558
-28.748211718175618 0.015667072602577683 0.01284641895400236 0.013170787149316944
-28.685442696956894 0.015668091605921308 0.012846470539195052 0.013171167627660891
-28.622673675738167 0.01566911161782597 0.012846522392257009 0.013171548564552315
-28.55990465451945 0.015670132640554797 0.012846574575618254 0.013171930066513026
-28.497135633300722 0.015671155357592715 0.012846626897100852 0.013172312017676832
-28.434366612082 0.015672178947054326 0.012846679369263331 0.013172694552663691
-28.371597590863274 0.015673204442606063 0.012846732096494357 0.013173077561822382
-28.308828569644547 0.015674230144461596 0.0128467854402036 0.013173461158446554
-28.24605954842583 0.015675257715822115 0.01284683813538115 0.013173845240712545
-28.183290527207102 0.015676286671933645 0.012846891610206784 0.013174229759394706
-28.12052150598838 0.015677317132844214 0.012846945067337124 0.013174615314548499
-28.057752484769654 0.015678349123025008 0.012846998669834638 0.013175001011084465
-27.994983463550927 0.015679382764467703 0.012847052634077462 0.01317538734391315
-27.93221444233221 0.015680417705199724 0.012847106551711434 0.013175774233905337
-27.869445421113483 0.015681454355363406 0.012847160835401087 0.013176161669325866
-27.80667639989476 0.015682492581253562 0.012847215463325356 0.013176549660125672
-27.743907378676035 0.015683532215480696 0.01284726978227689 0.013176938381889745
-27.681138357457307 0.015684573630119485 0.012847324827440441 0.013177327636169318
-27.61836933623859 0.01568561632565126 0.012847380032888205 0.01317771741699131
-27.555600315019863 0.015686661054653 0.012847435187996525 0.013178107953798918
-27.49283129380114 0.01568770777618008 0.012847490625333162 0.013178498965423278
-27.430062272582415 0.015688756728306285 0.012847546411410097 0.01317889055765576
-27.367293251363687 0.01568980696019563 0.012847601922180462 0.013179282667332813
-27.304524230144963 0.01569085635661207 0.012847658096027746 0.013179675987866573
-27.241755208926243 0.015691912766232236 0.012847714277321155 0.01318006940213322
-27.17898618770752 0.015692968154581727 0.012847770437610187 0.013180463591159585
-27.116217166488795 0.015694027440289218 0.012847827138900144 0.013180858375530126
-27.053448145270067 0.015695087975222705 0.012847883894160656 0.01318125375794987
-26.990679124051344 0.015696150283348444 0.012847940707213693 0.013181649887510445
-26.927910102832623 0.015697215157168227 0.012847998061649738 0.013182046616065719
-26.8651410816139 0.015698282094099843 0.012848055306790073 0.013182444062661237
-26.802372060395175 0.015699351293320302 0.012848112523952956 0.013182841975544014
-26.739603039176448 0.015700422418000858 0.012848170221719472 0.01318324062616169
-26.676834017957724 0.01570149566495565 0.012848228139354717 0.013183640331264715
-26.614064996739 0.01570257063986102 0.012848285741624731 0.013184040335715252
-26.55129597552028 0.015703648766040298 0.012848344001088514 0.013184441148475102
-26.488526954301555 0.015704728971678683 0.012848402782126376 0.013184842642159566
-26.425757933082828 0.015705811699847975 0.012848460854574365 0.013185244795021459
-26.362988911864104 0.015706896586675387 0.012848519420909608 0.013185647708665902
-26.30021989064538 0.015707983799881847 0.012848578136824326 0.013186051241499663
-26.23745086942666 0.015709072566601368 0.012848636901626825 0.013186455500852647
-26.174681848207936 0.015710164827809552 0.012848696068235358 0.01318686053371836
-26.111912826989208 0.015711258744333996 0.012848754851444091 0.01318726628147079
-26.049143805770484 0.015712355612955357 0.012848814570790372 0.013187672788120237
-25.98637478455176 0.015713454413810564 0.012848873955639911 0.01318807984653046
-25.92360576333304 0.015714555918594313 0.012848933214059223 0.013188487761896003
-25.860836742114312 0.01571566007571506 0.012848992952644113 0.013188896419170513
-25.798067720895588 0.015716766148845478 0.01284905279505797 0.01318930577934082
-25.735298699676864 0.015717874252668518 0.012849112581908689 0.013189715903670563
-25.67252967845814 0.015718984640284463 0.012849172215071224 0.013190127035878116
-25.60976065723942 0.01572009744945171 0.012849232388217202 0.013190538560231025
-25.546991636020692 0.015721213033624924 0.012849293138852571 0.013190951005092742
-25.48422261480197 0.01572233117498226 0.012849353156870224 0.01319136418128652
-25.421453593583244 0.015723452075630723 0.012849413368211115 0.013191778202591294
-25.358684572364517 0.015724575226748895 0.012849473893763093 0.013192192835619483
-25.295915551145793 0.015725700942624165 0.012849534290269672 0.013192608708178285
-25.233146529927073 0.01572682935012476 0.012849594682317007 0.013193025081718412
-25.17037750870835 0.015727960438286157 0.012849655309982777 0.013193442123234386
-25.107608487489625 0.015729094164126756 0.012849716036260743 0.01319386006262314
-25.044839466270897 0.015730230977076647 0.012849776436888897 0.013194278906447206
-24.982070445052177 0.015731370315008715 0.012849837647685287 0.013194698488415568
-24.919301423833453 0.015732512532482746 0.012849898715122406 0.013195118960458465
-24.85653240261473 0.015733657466835266 0.012849959076769802 0.01319554017580337
-24.793763381396005 0.01573480565706678 0.01285002076556497 0.013195962296097102
-24.730994360177277 0.015735955948504524 0.012850080963803395 0.01319638512950729
-24.668225338958557 0.01573710906175985 0.012850142631345688 0.013196809133245122
-24.605456317739833 0.015738264630626678 0.012850203174155287 0.013197233873198683
-24.542687296521105 0.01573942332944439 0.012850264320861818 0.01319765927025482
-24.479918275302385 0.015740585630823856 0.012850325375623991 0.013198085714582586
-24.417149254083657 0.015741750511913954 0.012850386189384727 0.013198512982195595
-24.354380232864933 0.01574291925396164 0.012850447166417632 0.013198941059750577
-24.291611211646213 0.015744090198896287 0.012850508146542509 0.013199370197645409
-24.228842190427486 0.015745265019014666 0.012850568847984837 0.013199800213134738
-24.166073169208765 0.015746443046033697 0.012850629641200732 0.013200231059497195
-24.103304147990038 0.015747624363226746 0.01285069056181219 0.013200662860076644
-24.040535126771314 0.015748808890423405 0.012850751157134521 0.01320109555041291
-23.97776610555259 0.015749997283939644 0.012850812000603982 0.0132015292359337
-23.914997084333866 0.01575118877918668 0.012850872395817113 0.013201963864139658
-23.852228063115145 0.01575238391288214 0.0128509333474034 0.013202399349488714
-23.789459041896418 0.01575358238092874 0.012850993731317132 0.013202835856078343
-23.726690020677694 0.015754784230020642 0.01285105432628051 0.01320327331242174
-23.66392099945897 0.01575598843557173 0.012851114604238857 0.013203711705987699
-23.601151978240246 0.015757196199894706 0.012851174945763431 0.013204151165317929
-23.538382957021522 0.015758408047988497 0.012851235032204365 0.01320459157344192
-23.475613935802798 0.015759624204518402 0.012851295154091405 0.013205033007269065
-23.412844914584074 0.015760844569592133 0.012851355184750375 0.013205475431215481
-23.35007589336535 0.015762068600528513 0.012851414992994765 0.01320591889550585
-23.287306872146626 0.015763298081521247 0.012851474786658296 0.013206363319289961
-23.224537850927902 0.015764526200887686 0.012851534436028848 0.013206808138870844
-23.161768829709178 0.0157657647632213 0.012851594048315202 0.01320725568334749
-23.098999808490454 0.015767005820033722 0.012851653771516888 0.013207703297315583
-23.03623078727173 0.01576825139368649 0.01285171389718984 0.013208151940424262
-22.973461766053006 0.015769501110810203 0.012851770904745138 0.0132086017346545
-22.910692744834282 0.015770755455908756 0.012851830416678924 0.01320905265695905
-22.84792372361556 0.01577201462647722 0.012851889284725396 0.01320950467503948
-22.785154702396834 0.01577327753261869 0.012851948159466465 0.013209957811732767
-22.72238568117811 0.015774544394076606 0.012852006527666864 0.013210412063911455
-22.659616659959386 0.01577581401256924 0.012852064802230301 0.013210867528076042
-22.596847638740662 0.015777087777122948 0.012852122960079601 0.013211324031895236
-22.534078617521935 0.015778367523733527 0.012852180904065324 0.013211781843072874
-22.471309596303215 0.015779652053140747 0.012852238700203208 0.013212240895989507
-22.40854057508449 0.015780941178954972 0.012852296326243065 0.01321270098808562
-22.345771553865763 0.0157822349445265 0.012852354140122141 0.013213162369786799
-22.283002532647043 0.0157835330531356 0.012852412275746536 0.0132136250047494
-22.220233511428315 0.015784835326473668 0.01285246832334925 0.0132140885857658
-22.157464490209595 0.015786143958697825 0.012852525066143542 0.013214553828526836
-22.094695468990867 0.01578745560955803 0.01285258185996057 0.013215020228514913
-22.031926447772143 0.015788772376938178 0.012852638230218087 0.013215487838150537
-21.969157426553423 0.015790093572740155 0.01285269505965359 0.013215956850338582
-21.906388405334695 0.015791420040089307 0.012852751070512857 0.013216427118399146
-21.843619384115975 0.01579275104500484 0.01285280695896831 0.013216898803513857
-21.780850362897247 0.01579408390509008 0.012852862754105894 0.013217371662032861
-21.718081341678523 0.01579542340404595 0.012852918344171647 0.013217846024744061
-21.655312320459803 0.015796765602731026 0.012852973789313039 0.013218321820145514
-21.592543299241076 0.01579811247863627 0.012853028864584342 0.013218798964525625
-21.52977427802235 0.01579946514855344 0.01285308395328705 0.013219277598177849
-21.467005256803628 0.01580082268022013 0.012853138802641079 0.01321975757957607
-21.404236235584904 0.015802184496785644 0.012853193089679624 0.013220239053359758
-21.34146721436618 0.015803552126087018 0.012853247663995858 0.013220722102975301
-21.278698193147456 0.01580492432410471 0.012853301811067133 0.013221206585399506
-21.21592917192873 0.015806301432595194 0.012853356183084674 0.013221692552532261
-21.153160150710008 0.015807683658402107 0.012853409806918082 0.01322218014589277
-21.090391129491284 0.015809071103628426 0.012853463513841588 0.013222669793162316
-21.02762210827256 0.01581046367775943 0.0128535170388682 0.013223160210139924
-20.964853087053836 0.015811862111448218 0.01285357050798687 0.01322365246570534
-20.902084065835112 0.015813266293833374 0.012853623689737862 0.013224146515221542
-20.839315044616388 0.015814675570193476 0.012853676708984343 0.013224642173259957
-20.776546023397664 0.015816089426823114 0.01285372960706673 0.013225139603132402
-20.71377700217894 0.015817508680079095 0.012853782354304509 0.013225638667757991
-20.651007980960216 0.015818932282502814 0.012853834991352162 0.013226139499509185
-20.588238959741492 0.01582036283181946 0.012853887401640356 0.013226642054902683
-20.525469938522768 0.015821799532655004 0.012853939876431042 0.013227146401639673
-20.462700917304044 0.015823242220304477 0.012853991834621614 0.013227652677633626
-20.39993189608532 0.01582469075872362 0.012854044325344548 0.013228160744131193
-20.337162874866593 0.015826145448166736 0.01285409626271099 0.013228670542394702
-20.274393853647872 0.015827606316065484 0.01285414862329743 0.013229182437384081
-20.211624832429145 0.015829072890187378 0.012854199574252536 0.013229696143626691
-20.148855811210424 0.01583054638255 0.012854251589584585 0.013230212052845977
-20.0860867899917 0.015832025941772934 0.01285430344722575 0.01323072942166665
-20.023317768772973 0.015833512085099238 0.012854354942269514 0.013231249264602063
-19.960548747554252 0.01583500513216321 0.012854406504567298 0.013231771014016238
-19.897779726335525 0.015836504880139938 0.012854458231147123 0.013232294921176172
-19.835010705116805 0.01583801117743327 0.012854509709510265 0.013232820918836872
-19.77224168389808 0.01583952302896751 0.0128545612811653 0.013233349091001037
-19.709472662679353 0.015841041727513196 0.01285461295169827 0.013233879353695788
-19.646703641460633 0.015842567015275272 0.012854664449119505 0.013234411934778142
-19.583934620241905 0.01584410047859254 0.012854716240102877 0.013234946752943946
-19.52116559902318 0.015845640669871108 0.01285476807249879 0.01323548385232912
-19.45839657780446 0.015847188204186086 0.012854819773011875 0.013236023255732827
-19.395627556585733 0.015848743182168022 0.012854871068467206 0.01323656503400361
-19.33285853536701 0.015850304492175612 0.012854923475771737 0.01323710927734272
-19.270089514148285 0.015851876442990243 0.012854975437057882 0.013237655924260532
-19.20732049292956 0.01585345440622215 0.012855027747353925 0.013238205011211026
-19.14455147171084 0.015855038447741804 0.01285508023196871 0.013238756643442477
-19.081782450492113 0.01585663218191103 0.012855132748669765 0.01323931089465491
-19.01901342927339 0.01585823417794726 0.01285518565394365 0.013239867778484874
-18.956244408054665 0.015859843837555832 0.012855238615112827 0.013240426910949957
-18.89347538683594 0.015861461845167252 0.012855291724766156 0.01324098914706838
-18.830706365617218 0.015863088611877102 0.012855345390313879 0.013241554036372213
-18.767937344398494 0.01586472128448178 0.012855399001767225 0.013242121543125134
-18.70516832317977 0.015866363463582226 0.012855452877766203 0.013242692491920432
-18.642399301961046 0.015868014424314632 0.012855507617680822 0.013243265929040527
-18.57963028074232 0.015869674409096736 0.012855562554939455 0.01324384167376981
-18.516861259523598 0.015871342440989467 0.012855617695135034 0.01324442098018863
-18.454092238304874 0.015873019167135776 0.012855672739651002 0.01324500326516795
-18.39132321708615 0.015874703904526583 0.012855729098710928 0.013245588591194013
-18.328554195867422 0.015876397804541833 0.012855785664364969 0.013246176979534778
-18.265785174648702 0.015878100151658237 0.012855842832071515 0.013246768678880028
-18.203016153429978 0.01587981133459895 0.012855900456057506 0.013247363437151815
-18.140247132211254 0.0158815314773099 0.012855958502952151 0.01324796149341896
-18.07747811099253 0.01588325981701325 0.012856017240163331 0.01324856300289369
-18.014709089773802 0.01588499713269086 0.012856076214587758 0.013249167992542195
-17.951940068555082 0.015886743683149854 0.012856136132032406 0.013249775968749012
-17.889171047336358 0.01588849871061423 0.012856196962981882 0.013250387684261037
-17.826402026117634 0.015890263126155546 0.012856257713804276 0.013251002984187668
-17.76363300489891 0.01589203382156312 0.012856320202307609 0.01325162197379452
-17.700863983680183 0.015893818833099323 0.012856385117454175 0.013252244512678908
-17.638094962461462 0.01589561015934601 0.0128564483080649 0.01325287102084214
-17.57532594124274 0.01589741064017972 0.012856511379971486 0.013253500964390496
-17.51255692002401 0.015899221273193438 0.012856576994139435 0.013254135025223131
-17.44978789880529 0.015901037438652642 0.012856644420920736 0.013254772977097361
-17.387018877586563 0.01590286745778562 0.012856711637131335 0.013255414933423637
-17.32424985636784 0.015904707251122526 0.012856780454490102 0.013256060962213656
-17.26148083514912 0.01590655559621159 0.01285685055682373 0.013256711045314116
-17.19871181393039 0.015908414288165196 0.012856921115774687 0.013257365472613598
-17.13594279271167 0.015910283463540988 0.012856993210175752 0.013258024151601489
-17.073173771492943 0.01591216311472975 0.012857066636727551 0.013258687128390317
-17.01040475027422 0.01591405341393484 0.012857140924597823 0.013259354563198593
-16.947635729055495 0.01591595520697616 0.012857216977472607 0.013260026509421225
-16.88486670783677 0.015917867270196975 0.012857294418757041 0.013260703121197457
-16.82209768661805 0.015919790710810646 0.012857373076778277 0.013261384102963748
-16.759328665399323 0.015921725620243955 0.012857453859115856 0.013262070021539962
-16.6965596441806 0.015923672768149714 0.012857535510584755 0.013262760791293024
-16.633790622961875 0.015925631442787393 0.012857619016443654 0.013263456645794718
-16.57102160174315 0.015927602819322612 0.012857704604509542 0.013264156928633145
-16.508252580524427 0.015929585607676065 0.012857791706761282 0.013264862442459556
-16.445483559305703 0.015931581137316856 0.012857880323108114 0.013265573476439382
-16.38271453808698 0.015933589784183234 0.0128579713094121 0.013266289520696011
-16.319945516868255 0.015935610946980476 0.012858063954407273 0.013267011019447227
-16.25717649564953 0.015937646088284046 0.01285815864249188 0.013267737875174032
-16.194407474430808 0.0159396930293283 0.012858255819484618 0.013268470256135766
-16.131638453212084 0.015941756063402385 0.012858354702630928 0.013269208214776052
-16.06886943199336 0.01594383182390531 0.012858456467919811 0.01326995198811309
-16.006100410774636 0.015945921631499056 0.012858560490351638 0.01327070176031255
-15.943331389555912 0.015948025812140235 0.012858667016348614 0.013271456895577587
-15.880562368337186 0.015950144570599564 0.012858775539012378 0.013272218397867073
-15.817793347118464 0.01595227781596267 0.012858887425855631 0.01327298599072183
-15.75502432589974 0.01595442637103246 0.012859001421432743 0.013273759896166176
-15.692255304681014 0.01595658988594136 0.012859118756828604 0.013274540148065778
-15.629486283462292 0.015958768860789768 0.01285923900217068 0.01327532682293163
-15.566717262243566 0.015960963398315382 0.012859362001963552 0.01327612016573135
-15.503948241024842 0.01596317355335382 0.012859488733078637 0.01327692019844018
-15.44117921980612 0.015965399986072472 0.012859618755850278 0.01327772714686017
-15.378410198587394 0.015967643051718855 0.01285975189418013 0.013278541073527508
-15.315641177368668 0.01596990240404677 0.012859889078647399 0.013279362117327493
-15.252872156149946 0.015972178974991546 0.012860030020892163 0.013280190478070558
-15.190103134931222 0.015974472491988044 0.012860174389445367 0.013281026262689637
-15.1273341137125 0.01597678288212486 0.012860323228287212 0.013281869434804973
-15.064565092493774 0.01597911238641669 0.012860476325990204 0.013282720303698453
-15.001796071275049 0.015981459119396284 0.01286063357624931 0.013283578764094606
-14.939027050056326 0.015983823550503738 0.012860796034724833 0.01328444500147806
-14.876258028837603 0.01598620631589903 0.012860963228452659 0.01328531920275079
-14.813489007618879 0.01598860824190285 0.012861135312430886 0.01328620160168161
-14.750719986400155 0.01599102827540853 0.012861313167239702 0.013287092249081056
-14.687950965181429 0.0159934674209477 0.01286149644314556 0.013287991672397324
-14.625181943962707 0.015995925264794843 0.012861685436241607 0.01328889983191374
-14.562412922743981 0.01599840242067873 0.01286188098241986 0.013289816944554729
-14.499643901525257 0.016000898774302552 0.01286208276898534 0.013290744397026636
-14.436874880306535 0.016003415687618903 0.012862291195714668 0.013291679691015218
-14.374105859087809 0.01600595144030829 0.012862507333679166 0.013292625493941697
-14.311336837869083 0.016008508042776252 0.012862729806940879 0.013293582212647993
-14.248567816650361 0.016011084581742947 0.012862961497031757 0.013294549549840549
-14.185798795431637 0.016013681901568544 0.012863201463630061 0.013295527959708007
-14.123029774212915 0.01601629982043917 0.012863448977571182 0.01329651784071864
-14.06026075299419 0.016018939859909286 0.01286370797038486 0.013297518147384701
-13.997491731775463 0.016021598991356637 0.012863976085352625 0.013298528565971513
-13.934722710556741 0.016024280294303656 0.012864255135905922 0.01329954827233123
-13.871953689338017 0.016026982279681107 0.012864546671847011 0.013300577495928471
-13.809184668119295 0.016029705602670134 0.012864851156939089 0.013301616714057616
-13.74641564690057 0.01603245123026857 0.012865170145934598 0.013302666822690823
-13.683646625681844 0.016035217226510287 0.012865505729480396 0.013303729996292247
-13.620877604463121 0.016038009782921657 0.012865858609640356 0.013304806576508519
-13.558108583244397 0.016040822410461363 0.01286623115855723 0.013305897837071114
-13.495339562025672 0.01604366323475715 0.01286662517869558 0.013307005693405035
-13.43257054080695 0.016046526092211483 0.012867042072697253 0.013308130767716959
-13.369801519588224 0.01604941468511485 0.012867483570218025 0.01330927563605785
-13.3070324983695 0.016052330229197484 0.01286795026531725 0.013310443749799606
-13.244263477150778 0.01605527305166529 0.012868442898141 0.013311638010808244
-13.181494455932052 0.016058245135135884 0.012868961381258124 0.013312861130962415
-13.11872543471333 0.016061246558230657 0.01286950528758048 0.013314112530966501
-13.055956413494604 0.01606427687620321 0.012870075300168577 0.013315385117529388
-12.99318739227588 0.016067334362762444 0.012870673135337558 0.01331666529069693
-12.930418371057156 0.016070417666223722 0.012871302516029888 0.013317939722094116
-12.867649349838432 0.016073525839848578 0.012871969912810649 0.013319205754640568
-12.80488032861971 0.01607666193459666 0.01287268484879023 0.013320471450777183
-12.742111307400984 0.016079827822155175 0.012873458823657032 0.013321749559811143
-12.679342286182258 0.016083025902062256 0.012874307204914354 0.013323051363582935
-12.616573264963536 0.016086258308260354 0.012875247013055677 0.013324386121372434
-12.553804243744812 0.01608952774886131 0.012876296859739109 0.01332576291254037
-12.491035222526088 0.01609283585172208 0.012877481362229132 0.01332719097056489
-12.428266201307364 0.016096186906227355 0.012878820322545288 0.013328684960808227
-12.365497180088639 0.016099584570008096 0.012880332130627746 0.01333026236248027
-12.302728158869916 0.01610303381829512 0.012882028184158551 0.013331954298656539
-12.239959137651192 0.016106542759826446 0.012883917604773866 0.013333794405877392
-12.177190116432467 0.016110115584725155 0.012885970128862258 0.013335812677089252
-12.114421095213743 0.016113756862633936 0.012888143656041297 0.013338005708721583
-12.051652073995019 0.016117447257866256 0.012890389500409365 0.01334028671550465
-11.988883052776295 0.016121162921255545 0.012892660134348153 0.013342480703919083
-11.926114031557573 0.016124875985748428 0.01289494018192467 0.01334442884197679
-11.863345010338847 0.016128583016592625 0.012897261342657994 0.01334611056470928
-11.800575989120123 0.01613230100789347 0.01289969590501789 0.013347637630571091
-11.737806967901399 0.016136054154347018 0.012902357003999214 0.013349152825799404
-11.675037946682675 0.0161398605373261 0.012905388293706178 0.013350766359718467
-11.612268925463951 0.016143733950249695 0.012908954233731009 0.013352553528650888
-11.549499904245227 0.016147686179852933 0.012913244530501172 0.013354575241913842
-11.486730883026503 0.016151732745653423 0.012918479611971933 0.013356905607218441
-11.42396186180778 0.016155894166678262 0.01292490228634244 0.013359652891367977
-11.361192840589055 0.016160202383262337 0.012932769282472422 0.013362986296517273
-11.298423819370331 0.016164703096794675 0.012942300102978572 0.013367161496480514
-11.235654798151607 0.01616945715287322 0.012953575659088666 0.013372525199504236
-11.172885776932882 0.016174522257760525 0.01296640720809425 0.013379420932214454
-11.110116755714158 0.016179901142085625 0.01298021955445793 0.013387854135899904
-11.047347734495434 0.016185440857754356 0.012994089264853816 0.013396912828998884
-10.984578713276711 0.016190815496344865 0.013007044574209729 0.013404646023492518
-10.921809692057987 0.01619574393135891 0.01301848635531748 0.013409366220518935
-10.859040670839262 0.016200233656854385 0.013028468486226479 0.01341114263010123
-10.796271649620538 0.01620451218411721 0.013037688410112049 0.013411385263020477
-10.733502628401814 0.016208810968530028 0.013047251737674171 0.013411520838623023
-10.67073360718309 0.01621327812628731 0.013058430096508101 0.013412442083323897
-10.607964585964366 0.01621800531173365 0.013072579241101874 0.01341464332301097
-10.545195564745642 0.016223064382200378 0.013091157289824398 0.013418492661490573
-10.482426543526918 0.01622855172931964 0.013115767938776654 0.013424459619781535
-10.419657522308194 0.016234616859359275 0.013148279727814518 0.013433311861870929
-10.35688850108947 0.016241499591680628 0.013190856808839716 0.013446344017905343
-10.294119479870746 0.01624957676757555 0.013245707978531073 0.013465657592697036
-10.231350458652022 0.016259377309284152 0.013314333942592566 0.013494328569393171
-10.168581437433296 0.01627146566424921 0.0133960240134334 0.013535788468793889
-10.105812416214572 0.016285910949771713 0.013485871347066608 0.013590700770989032
-10.04304339499585 0.016301225693640738 0.013574094755982303 0.01365055405794078
-9.980274373777126 0.016314099256006187 0.013649088670272072 0.01369576673437965
-9.917505352558402 0.016321985447858987 0.013703423908951674 0.013710888921388102
-9.854736331339677 0.016325617172253996 0.01373776294224973 0.013700128802531821
-9.791967310120953 0.016327524618374764 0.013759518842941305 0.013678755297212743
-9.72919828890223 0.01632967948545302 0.013778789798708129 0.013658779809360326
-9.666429267683505 0.016333048173913893 0.013805374861539283 0.013645979246808208
-9.60366024646478 0.01633810705009419 0.013847976863911754 0.013642663116629091
-9.540891225246057 0.016345124061397997 0.013914809838836991 0.013650330926082498
-9.478122204027333 0.0163546908510117 0.014014733086084542 0.013671340403826568
-9.415353182808609 0.016367733876234688 0.014158398159149798 0.01371025076588486
-9.352584161589885 0.016385874692135968 0.01435898686897145 0.01377551982044856
-9.28981514037116 0.01641180642795188 0.01463174292928439 0.013881946099704395
-9.227046119152437 0.016449625368823974 0.014990304339786329 0.014053169079411508
-9.164277097933711 0.01650421724998591 0.015436205744201374 0.014319060327761408
-9.101508076714989 0.016576970666459228 0.01593970010716311 0.014691455330413456
-9.038739055496265 0.016655325813694832 0.016424748637642626 0.01510168889626214
-8.975970034277541 0.01670934545440035 0.0167915860824415 0.015375207735827415
-8.913201013058817 0.01671937906564335 0.016980950400544526 0.015391227685693383
-8.850431991840091 0.01669830611430328 0.017012361721126457 0.015221049619313722
-8.78766297062137 0.016669367442611716 0.016955915339155775 0.015002540735869678
-8.724893949402645 0.016645898751676227 0.01688560676402809 0.014816556674365617
-8.66212492818392 0.01663229126962847 0.01685783920100004 0.014689147750243482
-8.599355906965195 0.016629574450920052 0.016912695282434206 0.014624258476869574
-8.536586885746472 0.016638633979119737 0.01708303616582609 0.01462325633640284
-8.473817864527748 0.01666175294036769 0.01740389316013149 0.014694237436176708
-8.411048843309025 0.01670381877857657 0.01792042976069204 0.014859000756689774
-8.3482798220903 0.01677404171849381 0.018694062176825503 0.015163076018327818
-8.285510800871576 0.016888739070622986 0.019804178343207336 0.015692859019688254
-8.222741779652852 0.017074837693932098 0.02133609656614968 0.016599475246147567
-8.159972758434128 0.017368797936805572 0.023330876057384913 0.01810110717825004
-8.097203737215404 0.017788516883409915 0.025660205440533393 0.020333629042686655
-8.03443471599668 0.01824414087674216 0.027870518986366215 0.022833805363848336
-7.971665694777956 0.01849788685932178 0.029297657067009892 0.024250616422669152
-7.908896673559232 0.018426828292037258 0.029605556079326918 0.023815185710345105
-7.846127652340507 0.018180459119992554 0.029053092303710268 0.022338933403562074
-7.783358631121783 0.017928673692392903 0.028140027694745967 0.020810701931038265
-7.72058960990306 0.01773647672228988 0.027258351779593574 0.01962453759146558
-7.657820588684334 0.017611334997883605 0.02663146287820535 0.018826016714166977
-7.595051567465611 0.01754752391864761 0.02637836281423771 0.018370414823506993
-7.532282546246887 0.017542683557803737 0.026581473200238834 0.018223369929801735
-7.469513525028163 0.017603477601029944 0.02733463039522251 0.018394704554916236
-7.406744503809439 0.017750221079289925 0.02877821164499792 0.018963232263738843
-7.343975482590714 0.018025225289442785 0.03112860353443226 0.020121989245237545
-7.2812064613719905 0.018508865193304747 0.03469854133050121 0.02227062377161634
-7.218437440153267 0.019345756368942202 0.039877162334652494 0.026177625004805832
-7.155668418934542 0.020760464541634008 0.046964179450224935 0.03311841302860851
-7.092899397715819 0.02292086690635227 0.055601468665181245 0.04422329269592251
-7.030130376497095 0.025302275349202492 0.0637204861566212 0.057002294420073554
-6.967361355278371 0.02628284046836085 0.06784750488722965 0.06265089346479755
-6.904592334059648 0.025301031023040405 0.06666417821730226 0.05754105214085171
-6.841823312840922 0.023644077464168006 0.06225706597785475 0.0484389601777024
-6.779054291622199 0.022237989109865977 0.05714864555747984 0.04057974155268336
-6.716285270403475 0.021254543844551905 0.052723616194419405 0.03503975773106939
-6.65351624918475 0.020625420162895654 0.04950238567291529 0.031454512673451174
-6.590747227966026 0.020272920059352814 0.04763258368783685 0.029340654427931524
-6.527978206747302 0.02015842030917575 0.04717880685553092 0.028397252817016997
-6.465209185528578 0.020289394627547135 0.04827328354389165 0.028548531534628222
-6.402440164309855 0.020729607726582992 0.05121213803063465 0.02998685837926495
-6.339671143091129 0.021629381090452853 0.05654479678573148 0.03331632559566418
-6.276902121872406 0.023295663711910105 0.06516570582362047 0.039912398846033655
-6.214133100653682 0.026332261770283444 0.07833995305048758 0.05268773889583207
-6.151364079434958 0.03182335459762073 0.09735471853686617 0.07722539693203878
-6.088595058216233 0.04092943214656834 0.12176088021145902 0.12026888463629837
-6.025826036997509 0.05129052546229619 0.14459850440564034 0.17198180131637436
-5.963057015778786 0.053684649495892925 0.15202577445890858 0.18634507858527535
-5.9002879945600615 0.04686142542921902 0.14123639094204607 0.15372752210966156
-5.8375189733413375 0.0390122301597172 0.12313492432370969 0.11439702292060422
-5.7747499521226135 0.03342746171054287 0.10597852161544416 0.08601722324345466
-5.71198093090389 0.029877055315681807 0.09250733485069224 0.06795161749985941
-5.649211909685166 0.02770100464891084 0.08300064632400533 0.05684670789710087
-5.586442888466441 0.026466008541070434 0.0770795296093866 0.05030226482456696
-5.523673867247717 0.025964263241016448 0.07439378654978358 0.04699186129410916
-5.460904846028994 0.026162283681633525 0.07487299493955606 0.04640443205619357
-5.398135824810269 0.02720069094206977 0.0788597310562215 0.04877638325526586
-5.335366803591545 0.029470105286063045 0.0872585503150162 0.0553650948034006
-5.272597782372821 0.0338292876668291 0.10174761318793973 0.06935932986878127
-5.209828761154097 0.04212480095866886 0.12497475049174958 0.09817786932579955
-5.147059739935373 0.05821204186557328 0.16019350489072334 0.15824413437689688
-5.084290718716648 0.08785331361638386 0.2078676341775704 0.2760845876573581
-5.021521697497925 0.12365903041245359 0.25188269436964134 0.4269677118587681
-4.958752676279201 0.12348190516102951 0.2537530549932666 0.43398697736862857
-4.895983655060476 0.09246470871355546 0.21599417838615548 0.3070743327326404
-4.833214633841752 0.06700525450590315 0.17306519014494826 0.19968487750217237
-4.770445612623028 0.05190813873397959 0.13899607673401365 0.1357142338547684
-4.707676591404304 0.04324034791239025 0.11483886899487512 0.09928698151312236
-4.64490757018558 0.038230635864400064 0.09869128637149482 0.07830664672803701
-4.582138548966856 0.035472557183472316 0.0886557526106592 0.06628141045447469
-4.5193695277481325 0.03433042187195669 0.08345840604207226 0.05997719219826775
-4.4566005065294085 0.03462795767037092 0.08250420378372925 0.05801348506695179
-4.393831485310685 0.036570001550612866 0.08587073147358176 0.060340339119066486
-4.33106246409196 0.04086897323432444 0.09438630909020602 0.06842856390972654
-4.268293442873236 0.04920809102776925 0.10983194893282634 0.08649319666914801
-4.205524421654513 0.06552819058045371 0.13519973594155846 0.1251041598760661
-4.142755400435788 0.09942166002043479 0.17447333148371602 0.21075873335326786
-4.079986379217064 0.17093348067072664 0.22882361612445734 0.3994401888840572
-4.01721735799834 0.26776099195376646 0.27401152319034827 0.6592775346614834
-3.954448336779616 0.23798142996886346 0.24805069069147065 0.5747742275182267
-3.8916793155608915 0.14518194956092315 0.184943701408685 0.3198090604657397
-3.828910294342167 0.09201492636866289 0.13509370776951035 0.17582726950411287
-3.7661412731234436 0.06599104494352913 0.10231764066692317 0.10745287867631861
-3.7033722519047196 0.05262831525310434 0.08164943415671132 0.0737049681437905
-3.6406032306859952 0.04552798211036115 0.06894452737675795 0.05622470807553931
-3.577834209467271 0.04197877639216597 0.06158449773687845 0.04710917838282637
-3.5150651882485473 0.040843059067170256 0.05809217184488966 0.04287381949212836
-3.452296167029824 0.04177988936718632 0.057782914488008805 0.042091119584240326
-3.3895271458110994 0.04503855452612607 0.06057883047941403 0.04453856390852439
-3.326758124592375 0.051624372046605305 0.0669699931373037 0.05109551932290952
-3.263989103373651 0.06404205008982096 0.0781014568566882 0.06433206834087685
-3.2012200821549275 0.08864094931289646 0.0959714694821578 0.09045584860594445
-3.138451060936203 0.14353190455744338 0.12369707315907501 0.14504421148870927
-3.075682039717479 0.283396143494 0.16476084073368955 0.2653816809108471
-3.0129130184987547 0.527707483603 0.19805592978101286 0.4119562315781593
-2.9501439972800307 0.37911168297183995 0.14475876879192884 0.222021569259086
-2.8873749760613068 0.17971895682828803 0.09253829149038141 0.07724282073564208
-2.824605954842583 0.10241791447727956 0.06699703402693045 0.03675102632650649
-2.7618369336238584 0.07087351592362078 0.05394623066846532 0.025635147982961796
-2.6990679124051344 0.05635066968872773 0.04692641742593609 0.022714971162475683
-2.6362988911864105 0.04940086792112471 0.0432366624348825 0.022430258117972862
-2.5735298699676865 0.04652953843371957 0.04169634213220244 0.023236794701567098
-2.5107608487489625 0.046401437164726694 0.04183519211640992 0.02477831980351612
-2.447991827530238 0.04870190524095333 0.043605359193919065 0.027160389987649743
-2.385222806311514 0.05388635089290108 0.04733116085593043 0.030825300204719873
-2.32245378509279 0.06348063321571823 0.05384829927168058 0.03671843252950944
-2.2596847638740662 0.08133307162817832 0.06497154225481797 0.04686356799666067
-2.1969157426553423 0.11793447250663408 0.0849035332108913 0.066141331437639
-2.134146721436618 0.2084563890658162 0.12523940575562434 0.10931952009293998
-2.071377700217894 0.5123925700242958 0.227415854348606 0.23943025124488918
-2.00860867899917 1.4474238825497954 0.47615969646756173 0.6098523900304962
-1.9458396577804458 0.6947218353400993 0.29511234652310714 0.30380336931530794
-1.8830706365617218 0.25162757452104106 0.15477830410040272 0.13162381592401537
-1.8203016153429976 0.1332025727307022 0.10257915128504891 0.08404241351550795
-1.7575325941242737 0.089952372268985 0.07821940993809734 0.06429236900565682
-1.6947635729055497 0.07081745083359464 0.06514954712296106 0.05385399865383103
-1.6319945516868255 0.06183225001704625 0.05777100557152189 0.0478709180893489
-1.5692255304681015 0.05822209446655251 0.05386800040523282 0.04461969557212555
-1.5064565092493774 0.05825988716272865 0.05254359291651538 0.04341391291488438
-1.4436874880306534 0.061607854581971884 0.05359001900028399 0.04410742069234925
-1.3809184668119292 0.06898160642212442 0.05735983559075753 0.04704461588346615
-1.3181494455932052 0.0826021538881552 0.06495683904070404 0.05332502101992104
-1.2553804243744813 0.10806677290774391 0.07893429105670201 0.06572009161098176
-1.192611403155757 0.1611584075007346 0.10541866479697108 0.09186729904762404
-1.1298423819370331 0.3003506332929145 0.16181613370626352 0.15901511025987602
-1.067073360718309 0.8968106212066649 0.3194540506812845 0.43192848482470014
-1.004304339499585 6.358830136648104 1.0709609904941222 2.692901197188033
-0.9415353182808609 0.9175681055358674 0.25262199405115854 0.3303358007284916
-0.8787662970621368 0.2258830179741093 0.11098918818973826 0.06867199177787942
-0.8159972758434128 0.09656374258349122 0.0690375364369297 0.02654896072243069
-0.7532282546246887 0.05388411559946467 0.05141638701676597 0.015471914389363791
-0.6904592334059646 0.03544395298142825 0.042791433544210424 0.012147916723449446
-0.6276902121872406 0.026156351600297584 0.038299050707108026 0.011327233998680524
-0.5649211909685166 0.02100811677154197 0.03606778267207718 0.011435963033392029
-0.5021521697497925 0.017971730868309808 0.03531320424448925 0.011929058528365748
-0.4393831485310684 0.016109451643795694 0.035735309288330144 0.012607215987319826
-0.37661412731234434 0.014943983443717007 0.037322919322213044 0.013399996493237165
-0.3138451060936203 0.014216646466551719 0.04034115321502826 0.014284130585663697
-0.25107608487489624 0.013787264636409299 0.0455015484985287 0.01524405002667763
-0.18830706365617217 0.013603438847569933 0.05456562314259771 0.016249027198167374
-0.12553804243744812 0.013760844892505446 0.07257953775575512 0.01727273480497938
-0.06276902121872406 0.01492847629569228 0.11849624540567105 0.01845665461589539
0.0 0.017138147408857628 0.20700680557180295 0.018824077491606833
0.06276902121872406 0.013957710444550648 0.1126235955578146 0.01726476876101134
0.12553804243744812 0.013121908372447448 0.06488665203110967 0.01640717130654953
0.18830706365617217 0.012927860970723687 0.04682611746410489 0.015517207261835229
0.25107608487489624 0.012863590445081901 0.03806043022611283 0.014710109747710457
0.3138451060936203 0.01284247743507413 0.03313028386250366 0.014048985502792313
0.37661412731234434 0.012841058757919497 0.03014368595184343 0.013537380767723943
0.4393831485310684 0.012850868321985951 0.028314152765527394 0.0131531809149959
0.5021521697497925 0.012868374460329254 0.027281037845307547 0.012868860874514124
0.5649211909685166 0.012892120404783401 0.026888263570631246 0.012659934193372488
0.6276902121872406 0.012921908472743847 0.027118574714850532 0.012507304034914712
0.6904592334059646 0.01295905075905541 0.02811740237209977 0.012397391616533204
0.7532282546246887 0.01300844094461101 0.030355747045706333 0.012322276316887102
0.8159972758434128 0.013087657121076266 0.03523689419403108 0.012282766541519056
0.8787662970621368 0.013278383955384523 0.04784434578349099 0.012308981344005663
0.9415353182808609 0.014208244590236058 0.09839106426050828 0.012631349282373102
1.004304339499585 0.01950234170208569 0.4039871159188248 0.014092382033241056
1.067073360718309 0.013867238030602715 0.09183382331012123 0.012400998191754165
1.1298423819370331 0.013450576240019396 0.0466839894562783 0.012311580069608714
1.192611403155757 0.013382555486669282 0.03290341807251453 0.012305846614634295
1.2553804243744813 0.013378505470262718 0.026591630255707918 0.012313024168242037
1.3181494455932052 0.013395359456489118 0.023079344211557145 0.012323316809661578
1.3809184668119292 0.01342099035653541 0.020909086358045212 0.012334414881357792
1.4436874880306534 0.013450819133142366 0.019492260894457478 0.012345764787139052
1.5064565092493774 0.013482811990431446 0.01855016070659164 0.012357311529524522
1.5692255304681015 0.013516004313978612 0.017940988046645984 0.012369150819481789
1.6319945516868255 0.013550029308748691 0.01759967963642713 0.012381475458358979
1.6947635729055497 0.013584990649453222 0.017524543975743167 0.012394672614610162
1.7575325941242737 0.01362176031443024 0.01780546323011685 0.012409664423462549
1.8203016153429976 0.013663223644480785 0.018746483796052413 0.01242897643074069
1.8830706365617218 0.013719571569769301 0.0213498534886172 0.012460462191506599
1.9458396577804458 0.013828885617359447 0.029655558389185103 0.012525993036389738
2.00860867899917 0.013907994760069606 0.04315027473264921 0.012539664179041086
2.071377700217894 0.013798212276701442 0.02751667211005902 0.01247202067850497
2.134146721436618 0.013800524779559616 0.020454558821355467 0.01247391578758764
2.1969157426553423 0.013822465884936592 0.01759781909258152 0.012482843416216916
2.2596847638740662 0.013847959172768511 0.016145830883543752 0.012492715646367912
2.32245378509279 0.013874165197994219 0.015292880015001717 0.012502740678382194
2.385222806311514 0.013900298635709697 0.014746264662966399 0.012512716289093727
2.447991827530238 0.013926087129040523 0.014377546775112562 0.012522576320829109
2.5107608487489625 0.013951425536013265 0.014122192109433433 0.01253230065198109
2.5735298699676865 0.01397627939948435 0.013945242697058746 0.012541893077481724
2.6362988911864105 0.014000658514755019 0.013828296732199251 0.012551379057617761
2.6990679124051344 0.014024607422397863 0.013765317091436906 0.012560818557143303
2.7618369336238584 0.014048240492367163 0.013764778627469807 0.01257034609246521
2.824605954842583 0.014071841053490745 0.013862298352613997 0.012580261620623439
2.8873749760613068 0.01409612286146605 0.014160859671260585 0.012591151646936378
2.9501439972800307 0.014122056070193921 0.014898231750345685 0.012602771653705103
3.0129130184987547 0.014142995125570485 0.01551918980425168 0.012607778846907045
3.075682039717479 0.014157634099969237 0.014687420098840127 0.012611040210906544
3.138451060936203 0.01417562697184499 0.014015536930983903 0.012617762159007274
3.2012200821549275 0.014194599515753576 0.013657529086109097 0.012624986487757483
3.263989103373651 0.014213529201793142 0.013451394715412077 0.012632175973120883
3.326758124592375 0.014232168512095498 0.013321062400575082 0.012639244806828756
3.3895271458110994 0.014250446791829434 0.013232802604743169 0.01264617544849173
3.452296167029824 0.014268346687759212 0.013170279287302097 0.012652962293753775
3.5150651882485473 0.014285865420020945 0.013124828255525777 0.012659610091103914
3.577834209467271 0.014303008295148781 0.013091610362431557 0.012666118503405181
3.6406032306859952 0.014319785318000376 0.01306796756531817 0.01267249408934615
3.7033722519047196 0.014336207077705741 0.013052914600071222 0.012678743245647722
3.7661412731234436 0.014352289446131601 0.013047248463754805 0.01268487699137591
3.828910294342167 0.014368053774238491 0.013054546450180794 0.012690912292888457
3.8916793155608915 0.014383526961284766 0.013082931749199448 0.012696861283997881
3.954448336779616 0.014398695250345197 0.013137705677241868 0.012702635895561669
4.01721735799834 0.01441336476051676 0.013159383454755928 0.012708000112708192
4.079986379217064 0.014427611500232095 0.01309619124248382 0.012713221502911317
4.142755400435788 0.014441651341861973 0.01303323446344232 0.012718472435971406
4.205524421654513 0.014455463337101564 0.012992736751424913 0.012723659048965726
4.268293442873236 0.014469010149063627 0.012966659641589457 0.0127287480228091
4.33106246409196 0.014482290619852529 0.012948772557265408 0.012733734871885453
4.393831485310685 0.01449530858981294 0.012935749040770958 0.012738619854868741
4.4566005065294085 0.014508069805210966 0.012925829133357472 0.012743405173473993
4.5193695277481325 0.014520580216182967 0.012918045349930348 0.012748093617838194
4.582138548966856 0.014532846436216324 0.012911851323849026 0.012752687666006901
4.64490757018558 0.014544875162790044 0.012906952059613662 0.012757190070112355
4.707676591404304 0.01455667207505549 0.0129032379634433 0.012761603447390185
4.770445612623028 0.014568244309503578 0.012900776333702034 0.012765930090653441
4.833214633841752 0.014579598742250422 0.01289983637183016 0.012770173360516661
4.895983655060476 0.014590740257984252 0.012900755013434038 0.012774334069344154
4.958752676279201 0.014601672564183165 0.012902631905605495 0.012778411065767336
5.021521697497925 0.014612396793842327 0.01290078408670009 0.012782402850862374
5.084290718716648 0.014622920835570437 0.012893538930478525 0.01278631835371486
5.147059739935373 0.014633255340308036 0.012886015662901488 0.012790163855815068
5.209828761154097 0.014643406860373031 0.012880253179062951 0.012793940081051202
5.272597782372821 0.014653376244223705 0.012875925819551123 0.012797646265406236
5.335366803591545 0.01466316909709772 0.012872533853644562 0.012801284946046374
5.398135824810269 0.014672790001256274 0.012869748303800865 0.012804857200993267
5.460904846028994 0.0146822450061485 0.012867378249870361 0.01280836439558725
5.523673867247717 0.014691543796243722 0.012865310990940678 0.012811808961924897
5.586442888466441 0.01470063893401316 0.012863478735256933 0.012815192398449938
5.649211909685166 0.014709625036575079 0.012861843936324158 0.012818516680123885
5.71198093090389 0.014718449956199454 0.01286038823626641 0.012821781292605588
5.7747499521226135 0.014727126387856638 0.012859107966593324 0.01282499027249537
5.8375189733413375 0.014735658849470574 0.012858007977094013 0.01282814441801209
5.9002879945600615 0.014744049451921338 0.012857070035973077 0.012831245869799928
5.963057015778786 0.014752303551457744 0.012856160225616592 0.01283429234139669
6.025826036997509 0.01476042428197515 0.01285500031398019 0.012837289556629076
6.088595058216233 0.01476841451996174 0.012853550426024722 0.01284023630985153
6.151364079434958 0.014776277564949628 0.012852090870980956 0.012843134903203513
6.214133100653682 0.014784016871152508 0.012850781097557726 0.01284598661430239
6.276902121872406 0.014791633046969876 0.01284962355287903 0.012848792371682268
6.339671143091129 0.014799132386212846 0.012848585396386888 0.012851552800812075
6.402440164309855 0.014806515364416326 0.012847636149080563 0.012854269856788763
6.465209185528578 0.01481378567612893 0.01284675271080671 0.012856944101617711
6.527978206747302 0.014820945279887199 0.012845918009302558 0.01285957668649048
6.590747227966026 0.01482799795051367 0.012845118598282166 0.01286216864415645
6.65351624918475 0.014834941439174514 0.012844343236824185 0.01286472062497387
6.716285270403475 0.01484178642451181 0.012843583297979449 0.012867234131534984
6.779054291622199 0.014848529128324394 0.012842831832020004 0.012869709323131705
6.841823312840922 0.014855173327323693 0.012842083870774137 0.012872147411327315
6.904592334059648 0.014861721273660169 0.012841333152349846 0.012874548998477741
6.967361355278371 0.014868175195126067 0.012840571040762128 0.01287691492549782
7.030130376497095 0.01487453713794098 0.012839788440767361 0.012879245965146497
7.092899397715819 0.014880809075861314 0.012838986921965011 0.012881542674971875
7.155668418934542 0.014886992728933447 0.012838184121615925 0.012883806195793804
7.218437440153267 0.014893091050279266 0.012837397637188025 0.0128860370053899
7.2812064613719905 0.01489910505352198 0.012836636072741724 0.012888236325494917
7.343975482590714 0.014905036732907407 0.012835903049771691 0.012890404397383887
7.406744503809439 0.01491088771378724 0.01283520149507103 0.012892542397270546
7.469513525028163 0.014916660527259531 0.012834534430845746 0.012894650928297665
7.532282546246887 0.014922355857720566 0.012833902333460195 0.012896730573578789
7.595051567465611 0.014927976328128006 0.012833306456157554 0.012898782126366616
7.657820588684334 0.014933523207567684 0.012832747159944608 0.0129008057641891
7.72058960990306 0.014938997286132304 0.012832223147761342 0.012902803161391944
7.783358631121783 0.01494440047070833 0.012831734066886842 0.012904773280814262
7.846127652340507 0.014949734295455472 0.012831279168604187 0.012906718377148522
7.908896673559232 0.014954999556082002 0.012830854081228863 0.012908637950271763
7.971665694777956 0.014960198252950592 0.012830459689285827 0.01291053252558787
8.03443471599668 0.014965330612874037 0.012830093380364144 0.012912402729093848
8.097203737215404 0.014970405075357886 0.012829752598309697 0.012914249584079076
8.159972758434128 0.01497540961632838 0.012829436057707406 0.012916072220713448
8.222741779652852 0.014980353768025048 0.012829143140035004 0.012917873198878887
8.285510800871576 0.014985237538318827 0.012828872144246365 0.012919651342285648
8.3482798220903 0.014990061789312187 0.012828621679204795 0.012921407630678868
8.411048843309025 0.01499482757342329 0.012828390479991458 0.012923142390635271
8.473817864527748 0.014999536345374162 0.012828176563325815 0.012924856089779084
8.536586885746472 0.015004188325248866 0.012827979039571372 0.012926549340294276
8.599355906965195 0.015008785609021672 0.012827796563661236 0.012928222151627415
8.66212492818392 0.015013328553044755 0.012827627588142274 0.012929875176573284
8.724893949402645 0.01501781782540206 0.012827471120084106 0.012931508631648984
8.78766297062137 0.015022254742515787 0.01282732528760982 0.012933123209035688
8.850431991840091 0.01502664001426154 0.012827196610696997 0.012934718952417304
8.913201013058817 0.01503097422226565 0.012827072000168166 0.012936296314130662
8.975970034277541 0.015035259153167266 0.012826958336636525 0.012937855753108806
9.038739055496265 0.015039495564855225 0.012826853589596524 0.012939397401814922
9.101508076714989 0.015043684077315862 0.012826758256646918 0.01294092194855706
9.164277097933711 0.015047826096362762 0.012826670787580742 0.012942429481518292
9.227046119152437 0.01505192255982642 0.012826590987679291 0.012943920022109921
9.28981514037116 0.015055972434100597 0.01282651955170598 0.012945394440307118
9.352584161589885 0.015059978644714552 0.012826454973491542 0.01294685266145895
9.415353182808609 0.015063941420040009 0.01282639746380016 0.012948295170269016
9.478122204027333 0.015067861521934825 0.012826347584064444 0.012949722215246836
9.540891225246057 0.015071740688515765 0.012826304173186214 0.012951134875610627
9.60366024646478 0.015075586654696157 0.012826267360410358 0.012952531559871893
9.666429267683505 0.015079367736826305 0.01282623844399255 0.012953913613440919
9.72919828890223 0.015083126524840668 0.012826213977053752 0.012955281892211554
9.791967310120953 0.015086844207690738 0.012826196530553615 0.012956636054125377
9.854736331339677 0.015090522793029698 0.012826185400548258 0.012957976324896685
9.917505352558402 0.015094163057224552 0.012826179059258518 0.012959301916973117
9.980274373777126 0.01509776640094618 0.012826177997773792 0.012960615592751107
10.04304339499585 0.015101334341859157 0.012826182672791066 0.01296191583944529
10.105812416214572 0.015104865295134474 0.012826190393134564 0.012963203033057015
10.168581437433296 0.01510836122063906 0.012826203111836607 0.012964477945088248
10.231350458652022 0.01511182233333702 0.012826220689758517 0.012965740251795229
10.294119479870746 0.015115248803507446 0.012826240341576457 0.012966988724235178
10.35688850108947 0.01511864247052484 0.012826264997252349 0.012968227180660947
10.419657522308194 0.015122002763428049 0.012826294368641257 0.012969453239044644
10.482426543526918 0.01512533019548708 0.012826323112744132 0.012970667794744487
10.545195564745642 0.015128625542178895 0.012826358598335886 0.012971870596914948
10.607964585964366 0.015131889347835714 0.01282638385897402 0.012973062378711491
10.67073360718309 0.015135121098167363 0.01282643743471794 0.012974243422474038
10.733502628401814 0.015138325827730387 0.012826476758182557 0.01297541318973304
10.796271649620538 0.015141497773319954 0.012826519370739399 0.012976572450266937
10.859040670839262 0.01514464015802479 0.012826566162818161 0.012977721246418442
10.921809692057987 0.01514775321693779 0.01282661189338398 0.012978859745084155
10.984578713276711 0.01515083797508119 0.012826659915908459 0.012979988005312915
11.047347734495434 0.015153895178253808 0.012826710563359189 0.012981106140008943
11.110116755714158 0.01515692375264294 0.012826761275708353 0.012982214675332726
11.172885776932882 0.015159926738047632 0.01282681388058321 0.012983313475691398
11.235654798151607 0.015162903436804943 0.01282686866199937 0.012984402829900672
11.298423819370331 0.015165853076122305 0.012826923558544902 0.012985482473831121
11.361192840589055 0.015168777209388347 0.012826980075952125 0.012986553301742665
11.42396186180778 0.01517167600638153 0.012827037933568075 0.012987614982502305
11.486730883026503 0.015174549975707 0.012827096327728141 0.012988667770572207
11.549499904245227 0.015177399507422801 0.012827154981009689 0.01298971162544588
11.612268925463951 0.015180224814541395 0.012827215127747118 0.012990747032306843
11.675037946682675 0.015183025567146777 0.01282727499583872 0.012991773569650126
11.737806967901399 0.015185803292253905 0.012827336287938182 0.012992792090621407
11.800575989120123 0.015188558739102664 0.012827398460515303 0.012993802377916582
11.863345010338847 0.015191291533826768 0.012827460328752949 0.012994804409025429
11.926114031557573 0.015194001032222178 0.01282752381033944 0.012995798487675868
11.988883052776295 0.015196689493506006 0.012827587881143698 0.012996784571917563
12.051652073995019 0.01519935595728222 0.012827651467510004 0.012997763099542776
12.114421095213743 0.015202001824934393 0.012827716649162713 0.012998733817838582
12.177190116432467 0.015204624979961594 0.012827782030905387 0.01299969702370328
12.239959137651192 0.015207228738531732 0.012827846032400222 0.013000652790093372
12.302728158869916 0.015209810628592717 0.01282791269765583 0.013001601323076503
12.365497180088639 0.015212373070551727 0.012827977182953192 0.013002542322634966
12.428266201307364 0.015214914937992334 0.012828046412677702 0.013003476879518867
12.491035222526088 0.015217437085828685 0.012828110960506635 0.013004404019171594
12.553804243744812 0.01521993934604919 0.012828177625737373 0.013005324226614101
12.616573264963536 0.015222421674612517 0.012828244587636217 0.013006237710384633
12.679342286182258 0.015224883603293132 0.012828311557237394 0.013007144372245847
12.742111307400984 0.015227327191755959 0.012828379214185693 0.013008044564483673
12.80488032861971 0.015229753792072883 0.012828446808600817 0.013008938169568154
12.867649349838432 0.015232161376070958 0.012828514586289136 0.013009825383340274
12.930418371057156 0.015234550308620741 0.012828582666905496 0.013010706198683952
12.99318739227588 0.01523692194938872 0.01282865071106817 0.01301158084095535
13.055956413494604 0.015239275877960926 0.012828718953852103 0.01301244938728207
13.11872543471333 0.01524161238270742 0.01282878739308763 0.013013311658670111
13.181494455932052 0.015243931675187906 0.012828855816622416 0.013014168021020397
13.244263477150778 0.015246233825266287 0.012828924503442758 0.013015018438137568
13.3070324983695 0.015248518931521545 0.012828992813228232 0.01301586305650108
13.369801519588224 0.015250788045788834 0.012829061683319818 0.013016701968469716
13.43257054080695 0.015253040783463354 0.012829130585872012 0.013017534884210629
13.495339562025672 0.015255277599114136 0.0128291991734999 0.01301836223944841
13.558108583244397 0.015257497694119632 0.01282926792854543 0.013019184989925813
13.620877604463121 0.015259702641413736 0.012829336904364651 0.013020001312965043
13.683646625681844 0.015261888226107162 0.01282940559960396 0.013020812450927533
13.74641564690057 0.015264065042474585 0.012829474342055057 0.013021618429595969
13.809184668119295 0.015266225662714775 0.01282954336036808 0.013022418615303078
13.871953689338017 0.015268372025216371 0.012829612024332073 0.013023213896500194
13.934722710556741 0.015270502788269684 0.012829680789390546 0.013024004386611655
13.997491731775463 0.015272619227693976 0.012829749832498414 0.013024789607155397
14.06026075299419 0.015274722629443663 0.012829818217903674 0.01302556969841665
14.123029774212915 0.015276810728492855 0.012829886526963498 0.013026344879764383
14.185798795431637 0.015278885963054559 0.012829955548690165 0.013027115416541871
14.248567816650361 0.01528094711014765 0.012830023815640615 0.013027881019682493
14.311336837869083 0.0152829951797893 0.01283009179093977 0.013028641808452751
14.374105859087809 0.015285029629046085 0.01283016056890019 0.013029398170059455
14.436874880306535 0.015287051507723961 0.012830228807103343 0.01303014927452483
14.499643901525257 0.015289059908277985 0.012830296957053075 0.013030895606084445
14.562412922743981 0.015291055993998656 0.012830364947384187 0.013031638670348152
14.625181943962707 0.015293039008809354 0.012830432856061485 0.013032376485588769
14.687950965181429 0.0152950089051444 0.012830500891890882 0.013033109987330427
14.750719986400155 0.015296967443868702 0.012830568337335826 0.013033839031421815
14.813489007618879 0.015298914004107576 0.012830635848650221 0.013034563885960408
14.876258028837603 0.015300848401537887 0.012830703371271561 0.013035284418929474
14.939027050056326 0.015302771362733815 0.01283077044119581 0.013036000658117157
15.001796071275049 0.01530468267347258 0.012830837251496597 0.013036712792806852
15.064565092493774 0.01530658240394677 0.012830904313532907 0.013037420775537281
15.1273341137125 0.015308470252574273 0.012830971053755467 0.013038124746846113
15.190103134931222 0.015310348658164977 0.012831037410255985 0.013038824465866414
15.252872156149946 0.015312215113707296 0.012831104165512976 0.013039520398471165
15.315641177368668 0.0153140702287972 0.012831170368714354 0.013040212359828236
15.378410198587394 0.015315915099499831 0.012831236542060248 0.013040900403918513
15.44117921980612 0.015317749451060767 0.01283130241786512 0.013041584609403715
15.503948241024842 0.015319573594042074 0.01283136799773224 0.013042264860308038
15.566717262243566 0.015321387980551255 0.012831433617291353 0.013042941620428924
15.629486283462292 0.015323191715021597 0.012831498853851566 0.013043614439571572
15.692255304681014 0.015324984947753825 0.0128315638768948 0.013044283715654576
15.75502432589974 0.01532676901893082 0.012831628927000996 0.013044949248800137
15.817793347118464 0.015328543385074413 0.012831693721032024 0.013045611138910545
15.880562368337186 0.015330308667621311 0.01283175844925396 0.013046269163301016
15.943331389555912 0.015332064364021215 0.012831822242084234 0.013046924437988426
16.006100410774636 0.015333810637431305 0.01283188621316572 0.013047575641701146
16.06886943199336 0.015335548663495312 0.012831950262650523 0.013048223613033351
16.131638453212084 0.015337275931175948 0.012832013866565966 0.013048868091464718
16.194407474430808 0.015338992590370684 0.012832077247712032 0.013049509141076311
16.25717649564953 0.015340704705833538 0.012832140513235694 0.013050146905324711
16.319945516868255 0.015342405143376038 0.01283220363887478 0.013050781235826205
16.38271453808698 0.01534409755506874 0.012832266269545419 0.01305141240637673
16.445483559305703 0.015345780765614303 0.012832328806858534 0.013052040252558569
16.508252580524427 0.015347455718824591 0.012832391406698165 0.013052664696687317
16.57102160174315 0.015349122283972763 0.012832453108001012 0.013053286286208929
16.633790622961875 0.015350779427181141 0.01283251531700777 0.013053904652228625
16.6965596441806 0.015352428293796856 0.012832577018061812 0.013054519850587762
16.759328665399323 0.015354068592041085 0.012832638815079376 0.013055131996789383
16.82209768661805 0.01535570097129725 0.012832699443254774 0.013055741082243413
16.88486670783677 0.015357325386319577 0.012832760498198103 0.013056346896313758
16.947635729055495 0.015358941689458174 0.012832821065904292 0.01305695007153131
17.01040475027422 0.015360549569017732 0.01283288178461603 0.01305755020050301
17.073173771492943 0.01536214971783626 0.012832942042949672 0.013058147338202904
17.13594279271167 0.015363741977009314 0.012833001966951281 0.013058741555532195
17.19871181393039 0.015365326291233841 0.012833062016188999 0.01305933293770508
17.26148083514912 0.015366902949784522 0.012833121764629463 0.01305992151064656
17.32424985636784 0.015368471971848707 0.0128331810112351 0.013060507153960782
17.387018877586563 0.015370033098060702 0.012833240625131954 0.013061090052221
17.44978789880529 0.015371587305470879 0.012833299492296304 0.013061670187383249
17.51255692002401 0.015373134058137903 0.01283335789329292 0.013062247622787125
17.57532594124274 0.01537467380829016 0.012833416976050416 0.013062822348506174
17.638094962461462 0.015376206529407632 0.012833474517070795 0.01306339423642571
17.700863983680183 0.01537773171446384 0.012833534169637851 0.013063963671486996
17.76363300489891 0.015379249583943062 0.01283359014546597 0.01306453035148279
17.826402026117634 0.01538076137751464 0.012833648155111389 0.013065094540350753
17.889171047336358 0.015382265552752622 0.012833705683615021 0.013065656037768136
17.951940068555082 0.015383765174336176 0.012833762576563091 0.01306621502537662
18.014709089773802 0.015385256420819065 0.012833819963565734 0.01306677140529374
18.07747811099253 0.015386741749453977 0.012833876916367143 0.013067325478512935
18.140247132211254 0.015388220116332566 0.012833933586191046 0.013067876750924018
18.203016153429978 0.015389692239301943 0.012833990299541439 0.013068425869906884
18.265785174648702 0.015391157900774128 0.012834046678793794 0.013068972330097213
18.328554195867422 0.015392617102301191 0.012834102838563623 0.013069516601846232
18.39132321708615 0.01539406986486244 0.012834158682655963 0.013070058418156559
18.454092238304874 0.015395517335237755 0.012834214326035513 0.013070597873128191
18.516861259523598 0.015396958157666169 0.012834269803328139 0.013071134840094095
18.57963028074232 0.015398393337713475 0.01283432624371824 0.013071669661177105
18.642399301961046 0.01539982223192235 0.012834380631387457 0.013072201961774511
18.70516832317977 0.015401245245757027 0.012834435483287172 0.013072732200475874
18.767937344398494 0.015402662216203627 0.012834490612116297 0.013073260323341225
18.830706365617218 0.01540407452020996 0.012834545042000566 0.013073785961047862
18.89347538683594 0.015405479800586309 0.012834599618424732 0.013074309430418662
18.956244408054665 0.015406880090440191 0.012834654156401629 0.013074830700082073
19.01901342927339 0.015408274842575372 0.012834708472732851 0.013075349972003419
19.081782450492113 0.015409663802628244 0.012834762630995157 0.013075866895677041
19.14455147171084 0.01541104735700948 0.0128348165853963 0.013076381871953376
19.20732049292956 0.015412426595122654 0.012834870320185305 0.013076894650745291
19.270089514148285 0.015413799411320013 0.012834923774923587 0.013077405365954394
19.33285853536701 0.01541516717746042 0.012834977371242992 0.01307791398118267
19.395627556585733 0.015416529486075164 0.012835030855912826 0.013078420561084858
19.45839657780446 0.015417887169526816 0.012835084091976095 0.013078925199859344
19.52116559902318 0.015419240078000407 0.012835137350544689 0.013079427761643538
19.583934620241905 0.015420588254953346 0.012835190076735049 0.013079928397242877
19.646703641460633 0.015421931045656735 0.012835243210458196 0.013080427055702159
19.709472662679353 0.015423269302183431 0.012835295978752355 0.013080923680931106
19.77224168389808 0.01542460268247412 0.012835348521796651 0.013081418501811659
19.835010705116805 0.015425931553622974 0.012835401230614406 0.01308191137309426
19.897779726335525 0.015427255923065325 0.01283545356732543 0.013082402433740387
19.960548747554252 0.015428575619898275 0.012835505830642892 0.013082891523064867
20.023317768772973 0.015429890461703446 0.012835558104725071 0.01308337873723084
20.0860867899917 0.015431201000937608 0.012835610268973511 0.013083864103433913
20.148855811210424 0.0154325069905799 0.0128356620581537 0.013084348318134674
20.211624832429145 0.015433808103515186 0.012835714487153784 0.013084830010929279
20.274393853647872 0.01543510621229644 0.012835766227614539 0.013085309984891809
20.337162874866593 0.015436397775754028 0.012835818149577249 0.013085788313964366
20.39993189608532 0.015437685408072799 0.012835869269456119 0.013086264933568365
20.462700917304044 0.015438969023454346 0.012835921098594815 0.013086739798810781
20.525469938522768 0.015440248447499543 0.012835972651841476 0.013087212980862045
20.588238959741492 0.015441523597273438 0.012836024152427043 0.01308768455278236
20.651007980960216 0.015442793886249735 0.012836075465419846 0.013088154285936104
20.71377700217894 0.015444060969835317 0.012836126859746798 0.0130886225572887
20.776546023397664 0.015445323084355539 0.012836178044972663 0.013089088846771147
20.839315044616388 0.015446581542543088 0.012836229287857442 0.013089553965750678
20.902084065835112 0.015447835831657012 0.01283628036031614 0.013090017188116587
20.964853087053836 0.015449085669664405 0.012836331454919804 0.013090478990497216
21.02762210827256 0.01545033132128777 0.012836382457455874 0.01309093915826903
21.090391129491284 0.015451573511848109 0.01283643330253137 0.013091397612197212
21.153160150710008 0.015452811262712174 0.012836484226877293 0.013091855044694541
21.21592917192873 0.015454045013387008 0.012836535322759536 0.013092310646829336
21.278698193147456 0.015455274815006543 0.012836585918084583 0.013092764707544459
21.34146721436618 0.015456500475406237 0.012836636591443002 0.013093217311573396
21.404236235584904 0.015457721905793533 0.012836687300824845 0.013093668498273758
21.467005256803628 0.015458940631810093 0.01283673803202859 0.013094118207656037
21.52977427802235 0.015460155564697734 0.012836788703848138 0.01309456641201163
21.592543299241076 0.01546136684335151 0.012836839329232835 0.013095013307930585
21.655312320459803 0.015462574889718122 0.012836889831786021 0.01309545873395461
21.718081341678523 0.015463778275639314 0.012836940372358024 0.013095902816972368
21.780850362897247 0.01546497951343298 0.012836990868822788 0.01309634552006457
21.843619384115975 0.015466173236227355 0.012837041325384367 0.0130967867650154
21.906388405334695 0.015467370599482114 0.012837091771248844 0.013097226843651319
21.969157426553423 0.015468561282896661 0.012837141968076518 0.01309766547544686
22.031926447772143 0.0154697488186542 0.012837192955869988 0.013098102856722613
22.094695468990867 0.015470932728116548 0.012837243283979113 0.013098538850054867
22.157464490209595 0.015472113494653536 0.012837293493081966 0.013098973743526176
22.220233511428315 0.015473290218455312 0.012837343968814353 0.013099407537605188
22.283002532647043 0.015474464320660257 0.012837393494972722 0.013099839160691563
22.345771553865763 0.015475634695656491 0.012837444426718336 0.013100270207501671
22.40854057508449 0.015476801582473092 0.012837494606313497 0.013100700074704876
22.471309596303215 0.015477965811015886 0.012837544850327539 0.01310112847883977
22.534078617521935 0.015479127099854616 0.01283759519395632 0.013101556055352527
22.596847638740662 0.015480285452168629 0.012837645347568465 0.013101982245127639
22.659616659959386 0.015481440885835083 0.012837695590019184 0.01310240716532891
22.72238568117811 0.015482593189221105 0.01283774588883985 0.013102831008578479
22.785154702396834 0.015483742410218753 0.01283779605088297 0.01310325375315091
22.84792372361556 0.01548488899984751 0.012837846366937772 0.013103675377001602
22.910692744834282 0.015486031714790844 0.012837896878080778 0.013104095778384828
22.973461766053006 0.015487172427376947 0.012837946742225229 0.013104515114819986
23.03623078727173 0.015488310221951858 0.012837997322822717 0.01310493336671374
23.098999808490454 0.015489444903828158 0.012838047092475364 0.013105350452402992
23.161768829709178 0.015490577238163161 0.01283809755345995 0.013105766519267628
23.224537850927902 0.015491707521397873 0.012838147592886423 0.013106183245419385
23.287306872146626 0.01549283261627509 0.012838197788747186 0.0131065960011256
23.35007589336535 0.015493956125160474 0.012838247954582164 0.01310700889372998
23.412844914584074 0.015495076996714322 0.0128382980890721 0.01310742086072364
23.475613935802798 0.015496196111344975 0.01283834818669998 0.013107831834437908
23.538382957021522 0.015497312922875732 0.012838398456707817 0.013108241789909738
23.601151978240246 0.015498427299362854 0.01283844851630869 0.013108650836922968
23.66392099945897 0.01549953911884128 0.012838498841445242 0.013109058907581024
23.726690020677694 0.015500648607120584 0.012838548979347483 0.013109465966469646
23.789459041896418 0.015501755666415318 0.01283859908286749 0.01310987214658354
23.852228063115145 0.015502860741900906 0.012838648788776257 0.013110277371842836
23.914997084333866 0.015503963372598925 0.012838699303066312 0.013110681615230642
23.97776610555259 0.01550506408042659 0.012838749413078807 0.013111085122316003
24.040535126771314 0.015506162133673073 0.012838799551851314 0.013111487651543366
24.103304147990038 0.015507258279123446 0.012838849587541971 0.01311188931119654
24.166073169208765 0.015508352003800636 0.012838899604540259 0.013112290046369244
24.228842190427486 0.015509443359330723 0.01283894973708058 0.01311269004084001
24.291611211646213 0.015510532517859658 0.012839000134761967 0.013113088987427649
24.354380232864933 0.01551162027188399 0.012839049908755994 0.013113487160373333
24.417149254083657 0.01551270479821365 0.012839099986504048 0.013113884622504846
24.479918275302385 0.015513788324766471 0.01283915009429513 0.013114281210960017
24.542687296521105 0.015514869084498808 0.012839200042520212 0.01311467695954293
24.605456317739833 0.015515947903433006 0.012839250189958054 0.013115072092186923
24.668225338958557 0.015517024329283766 0.012839300305537779 0.013115466169690863
24.730994360177277 0.015518098742262728 0.012839349522451542 0.013115859641013156
24.793763381396005 0.015519170917398201 0.01283939946736594 0.01311625232086459
24.85653240261473 0.01552024110561154 0.01283945005346446 0.013116644217301448
24.919301423833453 0.015521309294711938 0.012839499955789346 0.013117035459509964
24.982070445052177 0.015522375258942511 0.012839549698087618 0.01311742588776659
25.044839466270897 0.015523439264679837 0.01283959954249281 0.013117815656395696
25.107608487489625 0.015524501232735268 0.012839649409808116 0.013118204765522822
25.17037750870835 0.015525560843339083 0.012839699035020058 0.01311859309346446
25.233146529927073 0.015526618636077606 0.01283974882632828 0.013118980766843723
25.295915551145793 0.015527674576341004 0.01283979866522958 0.013119367685317945
25.358684572364517 0.015528728942395672 0.01283984822548245 0.013119754267616416
25.421453593583244 0.015529781574633583 0.012839897978976186 0.01312013980309298
25.48422261480197 0.015530832718453715 0.01283994796967069 0.013120524905220664
25.546991636020692 0.015531881474297331 0.01283999742664728 0.013120909250959992
25.60976065723942 0.015532928569236586 0.01284004707163578 0.013121293034012197
25.67252967845814 0.015533973990670904 0.012840095988145844 0.013121676131458032
25.735298699676864 0.015535016784596125 0.01284014604945821 0.013122058806195007
25.798067720895588 0.015536061966076585 0.012840195700549149 0.01312244074206553
25.860836742114312 0.015537102555404629 0.012840244791382818 0.013122822134112885
25.92360576333304 0.015538141069065509 0.012840294355959465 0.013123202932978008
25.98637478455176 0.015539178841162958 0.012840343798863093 0.013123583187488103
26.049143805770484 0.015540215493244126 0.012840393064519433 0.013123962944613396
26.111912826989208 0.015541249923519214 0.0128404418845823 0.013124342081196397
26.174681848207936 0.015542283369943325 0.012840491243097543 0.013124720667738964
26.23745086942666 0.015543314640732232 0.01284054044593209 0.01312509880410595
26.30021989064538 0.015544345524694992 0.012840589610505694 0.013125476350068858
26.362988911864104 0.01554537489302053 0.012840638530631466 0.013125853440652308
26.425757933082828 0.015546403217813132 0.012840687528402646 0.013126229998447264
26.488526954301555 0.015547429905996052 0.012840736417212409 0.013126606061568317
26.55129597552028 0.01554845504194634 0.0128407856275496 0.013126981685497587
26.614064996739 0.015549478386635427 0.012840833954616859 0.013127356870327176
26.676834017957724 0.015550500872846151 0.0128408828608406 0.013127731459368885
26.739603039176448 0.015551521787739083 0.012840931680432151 0.013128105961640362
26.802372060395175 0.015552541483742742 0.012840980232920319 0.013128479662823033
26.8651410816139 0.01555355978561057 0.01284102900580989 0.01312885293122205
26.927910102832623 0.015554576996731784 0.01284107733506486 0.013129225913249906
26.990679124051344 0.015555592932619043 0.012841125842152907 0.013129598431676088
27.053448145270067 0.015556607832432701 0.012841174241412737 0.013129970562941616
27.116217166488795 0.015557621165081746 0.012841222470566866 0.013130342303098603
27.17898618770752 0.01555863319381849 0.012841270625776441 0.013130713634288478
27.241755208926243 0.01555964441296366 0.012841318858278888 0.013131084569518565
27.304524230144963 0.015560653912458661 0.012841366875112744 0.013131455149680036
27.367293251363687 0.01556166354085782 0.012841414936936885 0.013131825614673855
27.430062272582415 0.015562672484915021 0.012841462950671486 0.013132195539421933
27.49283129380114 0.015563679585692592 0.012841510822127295 0.01313256486516966
27.555600315019863 0.015564685778969564 0.012841558858319724 0.013132934148551583
27.61836933623859 0.015565690658443931 0.012841606454194642 0.013133302994035125
27.681138357457307 0.015566695605999959 0.012841654048208946 0.013133671568672801
27.743907378676035 0.015567699150877886 0.01284170181276638 0.013134039911318843
27.80667639989476 0.015568702242129867 0.01284174930363602 0.013134407899374126
27.869445421113483 0.015569704622763867 0.012841796780773015 0.013134775578339055
27.93221444233221 0.015570706360414077 0.012841844110072538 0.013135142994619356
27.994983463550927 0.015571707644230437 0.01284189138578215 0.013135510198608253
28.057752484769654 0.01557270784384568 0.012841938661922769 0.01313587706399579
28.12052150598838 0.015573707475327856 0.012841986103392487 0.013136243637650752
28.183290527207102 0.015574706485023562 0.012842033042559967 0.013136610235407253
28.24605954842583 0.015575704840426053 0.012842080168713311 0.013136976347166521
28.308828569644547 0.015576702688832007 0.012842126806929146 0.013137342272166298
28.371597590863274 0.015577700841039148 0.012842174013577115 0.013137707982475261
28.434366612082 0.015578696264389583 0.012842221016596319 0.013138073454215339
28.497135633300722 0.01557969229752787 0.012842267905878819 0.013138438814991936
28.55990465451945 0.015580687135673947 0.012842314488902391 0.01313880392603868
28.622673675738167 0.015581681818132442 0.012842361302380397 0.013139168842116971
28.685442696956894 0.0155826757364967 0.012842408147368414 0.013139533616342082
28.748211718175618 0.015583668753862892 0.012842453524358269 0.013139898125719526
28.810980739394342 0.015584662408257718 0.01284250072926643 0.013140262732547798
28.87374976061307 0.015585654176156087 0.01284254730849354 0.013140626756619818
28.936518781831793 0.015586646351044195 0.01284259360934895 0.01314099091133482
28.999287803050514 0.015587637373427877 0.012842639956734648 0.013141355076303367
29.062056824269238 0.015588627746470293 0.01284268631139871 0.01314171894243269
29.124825845487962 0.015589617521495118 0.012842732639361597 0.01314208277101498
29.18759486670669 0.015590607125405992 0.012842778499638809 0.013142446411001006
29.250363887925413 0.015591595868822625 0.012842824638332712 0.013142810016763179
29.313132909144134 0.015592584053934974 0.012842870736510378 0.013143173515419888
29.375901930362858 0.015593571669207183 0.012842916786027015 0.013143536933034565
29.438670951581585 0.01559455859139682 0.012842962840556253 0.013143900257155592
29.50143997280031 0.015595544754448664 0.012843008830327017 0.013144263518317325
29.564208994019033 0.015596531033325456 0.012843054895832212 0.013144626716421328
29.626978015237757 0.01559751687198071 0.012843100776764097 0.013144989959894276
29.689747036456478 0.015598502637367258 0.012843146728704164 0.013145353160843865
29.752516057675205 0.015599487995465445 0.012843192620116168 0.013145716134426312
29.81528507889393 0.01560047367298049 0.012843238267853007 0.013146079257067064
29.878054100112653 0.015601458017487618 0.012843284114244923 0.013146442324996944
29.94082312133138 0.015602443198862587 0.012843329965852072 0.013146805341977218
30.003592142550097 0.015603427660185831 0.012843375081468142 0.013147168083157268
30.066361163768825 0.015604412297030485 0.012843421326635086 0.013147531696182152
30.12913018498755 0.0156053965604436 0.012843466896314435 0.013147894773949127
30.191899206206273 0.01560638104714329 0.012843512717688415 0.013148257875835602
30.254668227425 0.01560736523407353 0.01284355831303088 0.013148620908173895
30.317437248643717 0.015608349432482958 0.012843604051504993 0.013148984429113218
30.380206269862445 0.015609333136996827 0.012843649758239819 0.013149347712433845
30.44297529108117 0.015610316285206328 0.012843695529909476 0.0131497110210775
30.505744312299893 0.01561129978005116 0.012843741232840336 0.013150074411640119
30.56851333351862 0.015612283500790724 0.012843786968449991 0.013150437907816743
30.631282354737337 0.015613267036421654 0.012843832913591357 0.013150801486159689
30.694051375956064 0.015614251177806418 0.012843878477178267 0.013151165237359137
30.75682039717479 0.015615235266020157 0.012843924028730557 0.013151528931002245
30.819589418393512 0.015616219426208786 0.01284397010665866 0.013151892931177977
30.88235843961224 0.015617203537956457 0.012844015626054606 0.013152256822479152
30.945127460830964 0.015618188118466944 0.012844061964046874 0.013152621027033346
31.007896482049684 0.015619172310237238 0.012844107067433863 0.013152985317154779
31.07066550326841 0.015620157319894796 0.012844153222059873 0.013153349882014411
31.133434524487132 0.015621142122597442 0.01284419915058338 0.013153714345346589
31.19620354570586 0.01562212725412504 0.012844245044346673 0.013154079062909232
31.258972566924584 0.015623111814289168 0.012844291200234583 0.013154444030039148
31.321741588143304 0.015624097616647447 0.012844337287469131 0.013154809174454109
