-31.384510609362028 0.011203247591403624 0.003347776770820878 0.003310759396089612
-31.321741588143304 0.01120328659723221 0.003347777604384481 0.0033107626464389684
-31.258972566924584 0.011203323643211664 0.003347778489322559 0.0033107659648424765
-31.19620354570586 0.011203360962875244 0.003347779417856629 0.003310769321713541
-31.133434524487132 0.011203399993762377 0.003347780381192298 0.0033107726619425446
-31.07066550326841 0.011203439717026427 0.0033477813743332226 0.0033107759248865282
-31.007896482049684 0.011203474146204588 0.0033477823994679675 0.0033107790918384954
-30.945127460830964 0.011203505265501047 0.003347783467191037 0.003310782209391259
-30.88235843961224 0.011203539273464276 0.003347784593901438 0.003310785351568905
-30.819589418393512 0.011203575555736275 0.0033477857969644036 0.003310788575639275
-30.75682039717479 0.011203608626733216 0.0033477870908906384 0.003310791910710174
-30.694051375956064 0.011203643654820527 0.0033477884850045083 0.0033107953667987945
-30.631282354737337 0.011203681998127596 0.0033477899850961096 0.0033107989457574274
-30.56851333351862 0.01120372165938205 0.003347791593047819 0.0033108026461422936
-30.505744312299893 0.011203760793236728 0.0033477933067800753 0.0033108064661132625
-30.44297529108117 0.011203797638633666 0.003347795122822234 0.0033108104018212555
-30.380206269862445 0.011203838228107625 0.003347797034854605 0.0033108144462442673
-30.317437248643717 0.011203876424237466 0.0033477990356099627 0.003310818585806653
-30.254668227425 0.011203918604730533 0.0033478011159903086 0.0033108227993718055
-30.191899206206273 0.011203960444994613 0.0033478032671914676 0.0033108270593022043
-30.12913018498755 0.011204000847279395 0.0033478054809272287 0.0033108313359332905
-30.066361163768825 0.011204041867867482 0.0033478077513863958 0.00331083560465932
-30.003592142550097 0.01120407956416256 0.0033478100748235815 0.0033108398518661816
-29.94082312133138 0.011204117009876032 0.003347812451901132 0.003310844077687504
-29.878054100112653 0.011204155344699845 0.003347814885098643 0.0033108482934307722
-29.81528507889393 0.01120419661769775 0.00334781738061377 0.0033108525171434682
-29.752516057675205 0.01120423270617853 0.0033478199453279046 0.0033108567691700406
-29.689747036456478 0.011204273969632916 0.0033478225875550926 0.003310861068959112
-29.626978015237757 0.01120431571728882 0.0033478253135832106 0.00331086543260703
-29.564208994019033 0.011204355529668968 0.0033478281290548135 0.003310869871281311
-29.50143997280031 0.011204395927395997 0.0033478310372751143 0.0033108743899818546
-29.438670951581585 0.01120443546550395 0.003347834040313814 0.0033108789910083892
-29.375901930362858 0.011204479254206055 0.003347837140120749 0.0033108836812009972
-29.313132909144134 0.011204522061283499 0.003347840340425059 0.0033108884774487456
-29.250363887925413 0.011204558726441721 0.0033478436463607415 0.0033108934030785754
-29.18759486670669 0.011204608069458872 0.0033478470657302066 0.00331089847950176
-29.124825845487962 0.011204654598708074 0.0033478506060169266 0.0033109037158947745
-29.062056824269238 0.011204693161981109 0.00334785427101542 0.0033109091035473355
-28.999287803050514 0.011204744812586945 0.0033478580602163705 0.003310914613431477
-28.936518781831793 0.01120478533740727 0.003347861963871864 0.0033109202024837765
-28.87374976061307 0.011204839767944126 0.003347865976344002 0.003310925823494599
-28.810980739394342 0.01120486660389435 0.003347870086065775 0.0033109314373505555
-28.748211718175618 0.011204921956751338 0.003347874286208176 0.0033109370217154106
-28.685442696956894 0.011204962038766317 0.003347878574625998 0.003310942574714659
-28.622673675738167 0.011204995395081352 0.0033478829535918513 0.003310948114721022
-28.55990465451945 0.011205043102449496 0.003347887429511903 0.003310953673723039
-28.497135633300722 0.011205087650185519 0.0033478920128911607 0.003310959291297697
-28.434366612082 0.011205132609124457 0.0033478967170810243 0.003310965005972261
-28.371597590863274 0.011205176037525544 0.003347901555133892 0.003310970854622666
-28.308828569644547 0.011205221323915281 0.0033479065418546895 0.0033109768655211467
-28.24605954842583 0.011205267272936761 0.003347911689013855 0.0033109830588989577
-28.183290527207102 0.011205315453921493 0.0033479170080524777 0.003310989445611524
-28.12052150598838 0.011205365435467953 0.0033479225062781875 0.0033109960270587416
-28.057752484769654 0.011205416316982497 0.0033479281898864104 0.003311002795191335
-27.994983463550927 0.011205468023124164 0.0033479340613236683 0.003311009732738042
-27.93221444233221 0.011205519324819653 0.003347940122726625 0.0033110168158575503
-27.869445421113483 0.011205571657222437 0.003347946372631761 0.003311024020540987
-27.80667639989476 0.011205621323253378 0.0033479528117438886 0.0033110313323859416
-27.743907378676035 0.011205672628699394 0.0033479594381233403 0.0033110387554815277
-27.681138357457307 0.011205723752104622 0.0033479662480133438 0.003311046308035931
-27.61836933623859 0.011205774902536 0.0033479732334542075 0.0033110540004525815
-27.555600315019863 0.011205824832222095 0.0033479803837473984 0.0033110618051392874
-27.49283129380114 0.011205875535188385 0.003347987689544009 0.003311069672181011
-27.430062272582415 0.011205921846445453 0.003347995151551882 0.0033110776039275863
-27.367293251363687 0.011205967829579116 0.003348002781626202 0.0033110856622621766
-27.304524230144963 0.011206019137546585 0.0033480105948497495 0.0033110938971356446
-27.241755208926243 0.011206071838620546 0.003348018606197989 0.0033111023208493066
-27.17898618770752 0.011206124204808154 0.0033480268265903583 0.0033111109264727296
-27.116217166488795 0.011206180076085233 0.0033480352659984646 0.003311119703633141
-27.053448145270067 0.011206236445688836 0.00334804393271333 0.0033111286456288095
-26.990679124051344 0.011206291237878824 0.0033480528362179653 0.003311137750596261
-26.927910102832623 0.011206349579490458 0.003348061987041173 0.0033111470223343626
-26.8651410816139 0.011206406909853393 0.0033480713965877316 0.003311156469837349
-26.802372060395175 0.011206465253454903 0.003348081077127622 0.0033111661060905343
-26.739603039176448 0.011206524171482215 0.003348091040841654 0.0033111759463099744
-26.676834017957724 0.011206584642626976 0.0033481013017953127 0.0033111860061313886
-26.614064996739 0.01120664279617758 0.003348111875224473 0.003311196303714829
-26.55129597552028 0.011206701785699272 0.003348122777170064 0.003311206860008959
-26.488526954301555 0.011206763294993245 0.003348134024776552 0.00331121769889048
-26.425757933082828 0.011206823890311324 0.0033481456359066896 0.003311228842754901
-26.362988911864104 0.011206888363153294 0.003348157628336697 0.0033112403098092837
-26.30021989064538 0.011206953357285688 0.0033481700196780705 0.0033112521129146275
-26.23745086942666 0.011207019391035243 0.0033481828267690372 0.0033112642619624513
-26.174681848207936 0.01120708693639615 0.0033481960664829636 0.003311276767370225
-26.111912826989208 0.01120715470240733 0.0033482097538497374 0.003311289642321752
-26.049143805770484 0.011207223592715788 0.003348223904476827 0.0033113029047693466
-25.98637478455176 0.011207295405378999 0.003348238533349103 0.0033113165754189784
-25.92360576333304 0.01120736753314983 0.0033482536564449186 0.0033113306743189456
-25.860836742114312 0.011207442501537879 0.003348269289356942 0.003311345215161099
-25.798067720895588 0.011207519013757097 0.0033482854502494682 0.003311360202713592
-25.735298699676864 0.011207594503676994 0.003348302158320273 0.0033113756352794463
-25.67252967845814 0.011207674354051502 0.003348319435455047 0.0033113915096493617
-25.60976065723942 0.011207754457696712 0.003348337304166256 0.003311407830630669
-25.546991636020692 0.011207835603129202 0.0033483557903923604 0.0033114246142278508
-25.48422261480197 0.011207918929394784 0.003348374923409559 0.0033114418910700112
-25.421453593583244 0.011208005639028382 0.0033483947368169757 0.0033114597048889485
-25.358684572364517 0.011208092833764475 0.0033484152681756696 0.003311478108632863
-25.295915551145793 0.011208183915764322 0.0033484365605940722 0.0033114971579210604
-25.233146529927073 0.01120827876106931 0.0033484586612308846 0.003311516904888036
-25.17037750870835 0.011208374637936792 0.003348481621571186 0.0033115373940873004
-25.107608487489625 0.011208476963070363 0.003348505495542688 0.003311558663774113
-25.044839466270897 0.011208579313211087 0.0033485303424313456 0.003311580748991644
-24.982070445052177 0.011208686777040245 0.003348556224322132 0.003311603691711177
-24.919301423833453 0.011208797167929049 0.003348583207704117 0.003311627546750035
-24.85653240261473 0.011208911602044343 0.0033486113595059376 0.0033116523871497034
-24.793763381396005 0.01120903034085509 0.0033486407516037995 0.003311678295999013
-24.730994360177277 0.01120915162406603 0.0033486714584973635 0.0033117053568539386
-24.668225338958557 0.011209280141650999 0.0033487035649271985 0.0033117336447977316
-24.605456317739833 0.011209412663952728 0.0033487371732008058 0.0033117632391937335
-24.542687296521105 0.011209551432083536 0.0033487724076988845 0.003311794249478775
-24.479918275302385 0.011209696013352874 0.003348809407315423 0.0033118268115470166
-24.417149254083657 0.011209849064299763 0.003348848319038438 0.003311861060849338
-24.354380232864933 0.011210010339094498 0.003348889295078621 0.0033118971307054116
-24.291611211646213 0.011210179719251423 0.003348932500859963 0.0033119351684814174
-24.228842190427486 0.01121035825071682 0.0033489781181116843 0.003311975346313637
-24.166073169208765 0.011210547673559302 0.0033490263501863263 0.0033120178631047704
-24.103304147990038 0.011210748649692095 0.0033490774256632033 0.003312062942273594
-24.040535126771314 0.011210962780190513 0.003349131602346622 0.003312110831360965
-23.97776610555259 0.011211191026334368 0.003349189170547675 0.003312161804068213
-23.914997084333866 0.011211435129975507 0.0033492504594025323 0.0033122161669411057
-23.852228063115145 0.011211698402231272 0.003349315839833525 0.0033122742692817926
-23.789459041896418 0.011211981129605855 0.003349385734030767 0.0033123365154264935
-23.726690020677694 0.011212286198160955 0.003349460622330168 0.0033124033770539495
-23.66392099945897 0.011212616115468787 0.0033495410529660033 0.00331247540298288
-23.601151978240246 0.011212976259735191 0.0033496276531374434 0.0033125532315946326
-23.538382957021522 0.011213369283382 0.0033497211420948723 0.003312637601461841
-23.475613935802798 0.011213799494870995 0.003349822346754199 0.0033127293713193385
-23.412844914584074 0.01121427358931605 0.0033499322200174425 0.0033128295473911526
-23.35007589336535 0.011214798260230077 0.0033500518615568143 0.003312939323248096
-23.287306872146626 0.011215379888438553 0.003350182539525235 0.003313060128534089
-23.224537850927902 0.011216029430879775 0.0033503257135589653 0.0033131936857196138
-23.161768829709178 0.011216756113785047 0.003350483054185417 0.003313342073496091
-23.098999808490454 0.011217572861651079 0.0033506564649407175 0.003313507793897238
-23.03623078727173 0.011218496362121688 0.0033508480879528447 0.0033136938482623006
-22.973461766053006 0.011219542504324182 0.0033510603107948316 0.0033139038189558684
-22.910692744834282 0.011220733566273575 0.0033512957525587356 0.003314141957873101
-22.84792372361556 0.01122209356121364 0.003351557233963487 0.003314413272402418
-22.785154702396834 0.011223650819118604 0.0033518477182566137 0.0033147235933976803
-22.72238568117811 0.011225436744196288 0.003352170215805509 0.0033150795978526743
-22.659616659959386 0.01122748872648508 0.0033525276370424263 0.003315488744446519
-22.596847638740662 0.011229846410348654 0.0033529225944148888 0.0033159590665304216
-22.534078617521935 0.011232555315576253 0.0033533571593030898 0.003316498754335232
-22.471309596303215 0.011235662644530412 0.0033538326375109045 0.003317115452148787
-22.40854057508449 0.011239218979813793 0.0033543495813996163 0.0033178152229283793
-22.345771553865763 0.011243280253683784 0.0033549086643035915 0.0033186012557981787
-22.283002532647043 0.011247918787980125 0.0033555138801409485 0.0033194729099767593
-22.220233511428315 0.01125326983606288 0.0033561808383794135 0.0033204274986191216
-22.157464490209595 0.01125966979688448 0.0033569524057005208 0.0033214724075882095
-22.094695468990867 0.011267981767426487 0.0033579107851203147 0.003322663948685032
-22.031926447772143 0.011279915126762604 0.0033591146739232855 0.003324171533857785
-21.969157426553423 0.011295977563594947 0.003360293461956123 0.0033261335681243156
-21.906388405334695 0.011305464630152966 0.003360593190445005 0.003327548252690296
-21.843619384115975 0.011292087074676202 0.0033596126741390862 0.0033263964663851242
-21.780850362897247 0.011268959899139373 0.0033580926957884347 0.0033237522427626964
-21.718081341678523 0.011251295199626515 0.003356696831584524 0.0033214435208730746
-21.655312320459803 0.011239972624565796 0.00335558548340946 0.0033197639617108888
-21.592543299241076 0.01123270402818272 0.0033547196563245125 0.0033185409044847237
-21.52977427802235 0.011227845848757849 0.0033540350356782663 0.00331761753052497
-21.467005256803628 0.011224459443949146 0.0033534816164273893 0.003316895878438583
-21.404236235584904 0.011222015160934719 0.003353025009321861 0.00331631636072126
-21.34146721436618 0.011220200257474805 0.003352641853568281 0.0033158413042023546
-21.278698193147456 0.011218821574290494 0.003352315958019889 0.0033154456904950745
-21.21592917192873 0.011217756416356672 0.003352035771465727 0.0033151121387554883
-21.153160150710008 0.01121692121757811 0.0033517928072014603 0.003314828110346449
-21.090391129491284 0.011216260000310377 0.0033515806636387024 0.0033145842789569133
-21.02762210827256 0.011215731433500652 0.00335139439721774 0.0033143735347145385
-20.964853087053836 0.011215306578071712 0.0033512301149229936 0.003314190348348511
-20.902084065835112 0.01121496444384892 0.0033510846987355493 0.003314030348705405
-20.839315044616388 0.011214688446758716 0.0033509556148863012 0.0033138900326546788
-20.776546023397664 0.011214466238567861 0.0033508407747921565 0.0033137665592039255
-20.71377700217894 0.011214288626807041 0.0033507384298187217 0.0033136575981189647
-20.651007980960216 0.011214148465416256 0.003350647088166437 0.003313561201589386
-20.588238959741492 0.011214039000457468 0.0033505654433793703 0.0033134756820602652
-20.525469938522768 0.011213954659432424 0.0033504923299761983 0.003313399505290749
-20.462700917304044 0.011213890486450915 0.0033504267113095916 0.0033133313897522826
-20.39993189608532 0.01121384550043713 0.0033503676826842736 0.003313270314720945
-20.337162874866593 0.01121381769780074 0.0033503144715563123 0.0033132154176935876
-20.274393853647872 0.01121380490632319 0.0033502664642012683 0.00331316602685472
-20.211624832429145 0.011213804791648683 0.003350223213727946 0.0033131216720681316
-20.148855811210424 0.011213816345782508 0.00335018442299492 0.0033130820313518584
-20.0860867899917 0.011213838898295001 0.0033501498966740737 0.003313046860810237
-20.023317768772973 0.011213870698795581 0.0033501194915695706 0.0033130159484939313
-19.960548747554252 0.01121391169639124 0.0033500930818109315 0.003312989096927204
-19.897779726335525 0.01121396124003251 0.0033500705466920832 0.0033129661320667435
-19.835010705116805 0.011214019255998417 0.0033500517726661534 0.0033129469038413305
-19.77224168389808 0.011214085183352283 0.003350036661996798 0.003312931310940556
-19.709472662679353 0.011214159737751481 0.0033500251443843265 0.0033129193077205236
-19.646703641460633 0.011214243154456906 0.003350017188917565 0.0033129109216502466
-19.583934620241905 0.011214336777451284 0.003350012816701107 0.003312906275380354
-19.52116559902318 0.011214442801588884 0.003350012116041286 0.0033129056227802164
-19.45839657780446 0.011214563964689141 0.0033500152607396504 0.0033129094057394856
-19.395627556585733 0.011214705715140362 0.003350022528571005 0.0033129183459683687
-19.33285853536701 0.01121487714960265 0.00335003429921687 0.0033129335699974938
-19.270089514148285 0.011215091977540307 0.0033500509706232457 0.00331295668490067
-19.20732049292956 0.011215368855193796 0.003350072610129987 0.003312989308104425
-19.14455147171084 0.011215717637752868 0.0033500979905699696 0.003313030264192849
-19.081782450492113 0.011216087093144875 0.0033501229601864643 0.0033130682126516283
-19.01901342927339 0.011216326978291943 0.003350140378859877 0.0033130812954781813
-18.956244408054665 0.011216353256460424 0.0033501456939858394 0.00331306523335288
-18.89347538683594 0.011216277275985198 0.003350142744952099 0.0033130401944189707
-18.830706365617218 0.011216212906166997 0.003350139120616848 0.003313019947638131
-18.767937344398494 0.0112161897316964 0.0033501392454148046 0.003313006480563664
-18.70516832317977 0.011216202134011921 0.003350144039760578 0.0033129985190838455
-18.642399301961046 0.01121624134216021 0.003350153081837383 0.003312995050451743
-18.57963028074232 0.011216299768638503 0.003350165826333879 0.003312995594297308
-18.516861259523598 0.011216374053631921 0.0033501819148205802 0.0033129998949787136
-18.454092238304874 0.011216461923783196 0.0033502011476073327 0.0033130077287381104
-18.39132321708615 0.011216561291048633 0.0033502234105803903 0.0033130188482167196
-18.328554195867422 0.011216671008709055 0.0033502486204702304 0.003313032988783483
-18.265785174648702 0.011216790030030302 0.003350276703297482 0.0033130498906397596
-18.203016153429978 0.011216917742801657 0.0033503075857373747 0.0033130693162570055
-18.140247132211254 0.011217052619240274 0.0033503411991211807 0.0033130910608400624
-18.07747811099253 0.011217195255332053 0.0033503774809209496 0.003313114955672056
-18.014709089773802 0.01121734377118105 0.0033504163795785987 0.0033131408691363835
-17.951940068555082 0.011217498604781937 0.003350457855729527 0.0033131687057174784
-17.889171047336358 0.011217659696077603 0.0033505018818324856 0.0033131984026907634
-17.826402026117634 0.011217826191704361 0.003350548439642328 0.003313229925455982
-17.76363300489891 0.011217998680359787 0.003350597515474831 0.003313263259648204
-17.700863983680183 0.011218176341948603 0.003350649092179336 0.003313298400999321
-17.638094962461462 0.011218359938256154 0.0033507031378514763 0.003313335342279264
-17.57532594124274 0.011218548974668126 0.003350759589828084 0.0033133740629515953
-17.51255692002401 0.011218743634765983 0.003350818334567839 0.003313414515628408
-17.44978789880529 0.011218943778069422 0.003350879179860222 0.0033134566131119932
-17.387018877586563 0.011219150117569663 0.0033509418208979083 0.0033135002097807063
-17.32424985636784 0.011219362573071273 0.0033510058058473257 0.003313545076474083
-17.26148083514912 0.01121958139284926 0.0033510705025853334 0.003313590865008361
-17.19871181393039 0.011219807138698861 0.0033511351070406805 0.003313637068586116
-17.13594279271167 0.011220039673255874 0.0033511987197236046 0.0033136829969297238
-17.073173771492943 0.01122027976860484 0.0033512605683139814 0.0033137278177543285
-17.01040475027422 0.011220527752589034 0.0033513204033179503 0.0033137707422857677
-16.947635729055495 0.011220784173296519 0.003351379007659615 0.00331381143433316
-16.88486670783677 0.01122104917650579 0.0033514385657342446 0.0033138505801388
-16.82209768661805 0.011221324020847826 0.0033515025208359014 0.0033138902808733024
-16.759328665399323 0.011221608419116267 0.0033515747694000866 0.0033139337673516026
-16.6965596441806 0.011221903273349952 0.0033516585434622795 0.0033139843476733227
-16.633790622961875 0.011222209258749517 0.0033517556431611442 0.0033140442538611564
-16.57102160174315 0.011222526868017712 0.0033518663769004503 0.0033141141849651235
-16.508252580524427 0.011222856743516056 0.00335199003445831 0.0033141936468284567
-16.445483559305703 0.011223199017072553 0.0033521254815074455 0.0033142815944602454
-16.38271453808698 0.011223554840151482 0.003352271601869482 0.0033143769425977958
-16.319945516868255 0.01122392429938187 0.003352427525492774 0.003314478823154873
-16.25717649564953 0.011224308271856507 0.003352592700681793 0.003314586664326684
-16.194407474430808 0.011224707055326433 0.00335276688044088 0.003314700174612388
-16.131638453212084 0.011225121163888402 0.0033529500793115495 0.003314819286714693
-16.06886943199336 0.011225551348210754 0.0033531425242973993 0.0033149440978096113
-16.006100410774636 0.011225998816687266 0.003353344614275265 0.003315074828293612
-15.943331389555912 0.011226464129786604 0.003353556889667425 0.0033152117957850977
-15.880562368337186 0.011226948404353248 0.0033537800151097145 0.0033153553988795816
-15.817793347118464 0.01122745291699269 0.0033540147694713193 0.0033155061077265514
-15.75502432589974 0.011227978523064105 0.0033542620408276986 0.0033156644598770083
-15.692255304681014 0.011228526492788812 0.0033545228315092434 0.003315831060975028
-15.629486283462292 0.011229097850031977 0.003354798263634545 0.003316006588478886
-15.566717262243566 0.011229694322465008 0.003355089590815501 0.0033161917983398023
-15.503948241024842 0.01123031759479329 0.0033553982114753363 0.0033163875338959726
-15.44117921980612 0.011230969245956563 0.0033557256885092704 0.0033165947368129856
-15.378410198587394 0.011231651186003389 0.0033560737716210455 0.003316814460934417
-15.315641177368668 0.011232365637941511 0.003356444422660509 0.003317047888431091
-15.252872156149946 0.011233114494600235 0.003356839850436149 0.0033172963490999885
-15.190103134931222 0.011233900462327478 0.0033572625468033866 0.0033175613437240858
-15.1273341137125 0.011234725968735652 0.0033577153321910857 0.0033178445715518995
-15.064565092493774 0.011235594055518256 0.0033582014122286873 0.0033181479640034344
-15.001796071275049 0.011236507815302277 0.0033587244413263574 0.0033184737242628838
-14.939027050056326 0.011237471070212423 0.003359288603028637 0.0033188243760295132
-14.876258028837603 0.011238486896066302 0.0033598987050201335 0.0033192028217750467
-14.813489007618879 0.011239559365511837 0.0033605602959502342 0.003319612414691527
-14.750719986400155 0.011240693403022244 0.003361279807108568 0.0033200570469533223
-14.687950965181429 0.011241892830308511 0.003362064728773321 0.0033205412583633717
-14.625181943962707 0.011243163460442249 0.0033629238243565998 0.0033210703717219876
-14.562412922743981 0.01124451040789169 0.0033638673993949654 0.003321650662631073
-14.499643901525257 0.011245939588278603 0.0033649076370340773 0.003322289572334623
-14.436874880306535 0.01124745718089986 0.00336605901570954 0.003322995976706944
-14.374105859087809 0.011249069721443588 0.0033673388409273123 0.003323780529999807
-14.311336837869083 0.011250784137690666 0.0033687679117497663 0.0033246561060506783
-14.248567816650361 0.011252607634885618 0.0033703713831723723 0.0033256383678229194
-14.185798795431637 0.011254547834610164 0.003372179852985091 0.003326746508653928
-14.123029774212915 0.011256612054650766 0.0033742307698137594 0.003328004222716654
-14.06026075299419 0.011258807859853164 0.0033765702357397855 0.0033294409825372377
-13.997491731775463 0.011261142035416546 0.0033792553313463556 0.003331093729760207
-13.934722710556741 0.011263620990103623 0.003382357090063049 0.0033330091199298088
-13.871953689338017 0.01126625047864577 0.003385964284539107 0.003335246501188499
-13.809184668119295 0.011269034312775546 0.0033901881554870747 0.0033378818546857675
-13.74641564690057 0.011271974878314175 0.003395168146354525 0.003341012939019852
-13.683646625681844 0.011275072029033904 0.003401078443653793 0.003344765838368341
-13.620877604463121 0.011278322316694265 0.0034081345541885338 0.003349302861264996
-13.558108583244397 0.011281719636388136 0.0034165978936149637 0.00335483100565961
-13.495339562025672 0.011285253559829778 0.0034267739566894648 0.003361608400375605
-13.43257054080695 0.011288909478391005 0.0034389952107726713 0.0033699421026425255
-13.369801519588224 0.0112926696143185 0.0034535733672743777 0.003380162672516399
-13.3070324983695 0.011296512666377469 0.0034706984977669678 0.0033925478067941303
-13.244263477150778 0.011300414767015004 0.00349026353276959 0.0034071538899178243
-13.181494455932052 0.011304351146119688 0.003511622728112533 0.0034235263616571626
-13.11872543471333 0.011308297694919688 0.0035333787844217097 0.003440359842928074
-13.055956413494604 0.011312233264309298 0.003553417131148031 0.0034554099844721522
-12.99318739227588 0.011316140170786394 0.0035694164980690267 0.003466107681781389
-12.930418371057156 0.011320007011461602 0.0035797537619799585 0.0034708491995602813
-12.867649349838432 0.011323828223361133 0.0035842425948636814 0.0034699627975939445
-12.80488032861971 0.011327605128014454 0.0035841345900639843 0.0034653938122769586
-12.742111307400984 0.011331344680785952 0.003581445903213565 0.003459532976643741
-12.679342286182258 0.011335058010963373 0.0035781805659314747 0.0034542927226491114
-12.616573264963536 0.01133875939766508 0.0035758799314511962 0.003450850753641649
-12.553804243744812 0.011342463426722717 0.003575525646038076 0.003449797273247519
-12.491035222526088 0.01134618415002114 0.003577624232178405 0.0034513560991111655
-12.428266201307364 0.011349932149052838 0.00358232237683387 0.003455528724589576
-12.365497180088639 0.011353715596376912 0.0035894855025544775 0.0034621362857213647
-12.302728158869916 0.01135753891741649 0.0035987338613587628 0.0034707826441573654
-12.239959137651192 0.011361403391333999 0.0036094625754788507 0.0034807856288353767
-12.177190116432467 0.011365307262225182 0.0036208849256988075 0.0034911529555890315
-12.114421095213743 0.011369247657995634 0.003632132577144392 0.0035006974261083713
-12.051652073995019 0.011373221150704715 0.003642416774152776 0.003508334774947111
-11.988883052776295 0.01137722502117174 0.0036512079188808196 0.0035134616492612618
-11.926114031557573 0.011381257701268112 0.0036583585500353146 0.0035161847908654563
-11.863345010338847 0.01138531932541191 0.0036641103475975653 0.0035172414897214725
-11.800575989120123 0.01138941217398509 0.003668984856137208 0.0035176810363317652
-11.737806967901399 0.01139353903395277 0.00367361345899082 0.003518518314217103
-11.675037946682675 0.011397704122839284 0.003678574998457927 0.00352050928380423
-11.612268925463951 0.011401911282597764 0.0036842837323882065 0.0035240631694003007
-11.549499904245227 0.011406164299788078 0.003690937178449674 0.003529236509097917
-11.486730883026503 0.011410466173606136 0.003698514876923519 0.0035357633397284476
-11.42396186180778 0.011414819015953065 0.003706815936376344 0.003543114375627075
-11.361192840589055 0.011419223741506179 0.0037155253810304133 0.003550604064812227
-11.298423819370331 0.01142368155062323 0.003724298334493383 0.0035575558463690543
-11.235654798151607 0.01142819287513511 0.003732845599743952 0.003563493333699078
-11.172885776932882 0.011432758462795923 0.0037409994809623768 0.003568281818856923
-11.110116755714158 0.011437379319836528 0.0037487415426694023 0.003572149182024602
-11.047347734495434 0.011442057345243938 0.0037561861230340694 0.0035755775410101216
-10.984578713276711 0.011446794459048762 0.0037635291283964695 0.003579125018024368
-10.921809692057987 0.011451592850897252 0.0037709822975447397 0.0035832559621199822
-10.859040670839262 0.011456455424046956 0.003778714303639631 0.0035882291842822024
-10.796271649620538 0.011461384077245774 0.003786813658455039 0.003594056856669912
-10.733502628401814 0.011466381723563688 0.0037952793340262324 0.0036005279591100085
-10.67073360718309 0.011471449785920504 0.0038040369842251304 0.0036072858185001956
-10.607964585964366 0.01147659046863709 0.003812972798145326 0.0036139435536613747
-10.545195564745642 0.011481805505448129 0.0038219735744113833 0.003620207451372075
-10.482426543526918 0.011487096623850848 0.0038309608868264257 0.003625966635576125
-10.419657522308194 0.011492465866060954 0.0038399098603698802 0.003631314452808404
-10.35688850108947 0.011497915352726523 0.00384884869715745 0.0036364957902675654
-10.294119479870746 0.011503447420008422 0.0038578417439802475 0.0036418073172004746
-10.231350458652022 0.011509064637861548 0.0038669639665261483 0.0036474931097585767
-10.168581437433296 0.011514769588404807 0.0038762763622069455 0.0036536715664063145
-10.105812416214572 0.011520564687275813 0.003885810038630452 0.0036603119517843678
-10.04304339499585 0.011526452806123544 0.0038955626409637525 0.0036672616640500643
-9.980274373777126 0.011532436300987573 0.0039055063145540165 0.0036743116275577024
-9.917505352558402 0.011538517729800225 0.003915602794309842 0.003681276406439664
-9.854736331339677 0.011544699618406686 0.003925819525941516 0.003688060039219634
-9.791967310120953 0.011550985128360109 0.003936141197507636 0.0036946833188253054
-9.72919828890223 0.01155737672846256 0.00394657339496573 0.0037012642846345565
-9.666429267683505 0.011563877537297216 0.003957138327207692 0.0037079637289640865
-9.60366024646478 0.011570490691609347 0.003967865404174838 0.00371492071045879
-9.540891225246057 0.011577219380573815 0.003978780885542474 0.003722203790311809
-9.478122204027333 0.011584066957461149 0.003989900506776793 0.0037297943318417475
-9.415353182808609 0.011591036541763099 0.004001227289256464 0.0037376046529963643
-9.352584161589885 0.011598131710679084 0.004012754488621182 0.003745521058740556
-9.28981514037116 0.011605356030544838 0.004024471748086393 0.0037534531613801336
-9.227046119152437 0.011612713165005128 0.004036371612706392 0.0037613692923622304
-9.164277097933711 0.011620206863124209 0.004048453856274712 0.0037693044963574883
-9.101508076714989 0.011627840820265854 0.004060726305373232 0.0037773401280401953
-9.038739055496265 0.011635619316197129 0.004073202413042986 0.003785566383425693
-8.975970034277541 0.01164354652939424 0.004085897081496731 0.003794045282363395
-8.913201013058817 0.011651626620882703 0.004098822694429498 0.003802789535576865
-8.850431991840091 0.011659864173981545 0.004111986931175479 0.00381176449528558
-8.78766297062137 0.011668263762449182 0.004125392955879957 0.0038209101354707794
-8.724893949402645 0.011676830325121597 0.0041390415103191806 0.003830171857680215
-8.66212492818392 0.011685568367095221 0.004152933741021473 0.0038395259439561644
-8.599355906965195 0.011694483113654562 0.004167073440936163 0.0038489888484776152
-8.536586885746472 0.011703579864584 0.0041814678658239285 0.003858607620304268
-8.473817864527748 0.011712864255483919 0.0041961270149016424 0.0038684375970735293
-8.411048843309025 0.011722341720232721 0.004211061936856522 0.0038785187552594657
-8.3482798220903 0.011732018230153613 0.00422628297571044 0.003888861625787705
-8.285510800871576 0.011741899766298814 0.004241798731350418 0.0038994482732402523
-8.222741779652852 0.011751992610507632 0.004257616089697185 0.003910246461340326
-8.159972758434128 0.011762303316720015 0.004273741135619936 0.0039212291987326875
-8.097203737215404 0.011772838492736285 0.0042901803964531535 0.0039323899728561955
-8.03443471599668 0.011783605299408974 0.004306941801799969 0.003943746798980882
-7.971665694777956 0.0117946110742413 0.004324034967319062 0.0039553341665176526
-7.908896673559232 0.011805863568035785 0.004341470791538288 0.003967187920337823
-7.846127652340507 0.01181737020363279 0.004359260666107047 0.003979331121030576
-7.783358631121783 0.01182913942349603 0.004377415740627739 0.003991767717591002
-7.72058960990306 0.011841179639481086 0.004395946598843307 0.004004486432077848
-7.657820588684334 0.01185349957524508 0.004414863424395511 0.004017471997961828
-7.595051567465611 0.011866108461470608 0.004434176525420672 0.004030717476034985
-7.532282546246887 0.011879015992154004 0.00445389689997025 0.004044231330612334
-7.469513525028163 0.01189223195023584 0.0044740365704691665 0.004058036131561446
-7.406744503809439 0.01190576689527296 0.004494608573122056 0.004072160300639893
-7.343975482590714 0.01191963130234966 0.004515626660263062 0.004086627798950709
-7.2812064613719905 0.011933836590158174 0.004537104931332729 0.0041014513036533575
-7.218437440153267 0.011948394410529284 0.004559057590323119 0.004116632140889683
-7.155668418934542 0.011963316937454782 0.004581498955899012 0.004132166430832258
-7.092899397715819 0.011978617010612716 0.004604443680092227 0.004148053667787802
-7.030130376497095 0.011994307709371994 0.004627907053746571 0.004164302960496672
-6.967361355278371 0.012010403129223527 0.004651905234546871 0.004180933784778937
-6.904592334059648 0.012026917450189252 0.004676455306101115 0.0041979713149040195
-6.841823312840922 0.012043866163323405 0.0047015751766462865 0.004215439340897206
-6.779054291622199 0.01206126459632152 0.004727283412617707 0.004233354865969618
-6.716285270403475 0.012079129772490102 0.004753599118914767 0.004251727234663805
-6.65351624918475 0.012097478689638038 0.004780541949866208 0.004270561923965005
-6.590747227966026 0.012116329353283906 0.004808132234570078 0.004289866529801645
-6.527978206747302 0.012135700878802466 0.004836391161316038 0.0043096554323552244
-6.465209185528578 0.012155613061761905 0.0048653409301432984 0.004329950633417693
-6.402440164309855 0.012176086535439591 0.00489500481474925 0.004350778601435877
-6.339671143091129 0.012197143164884676 0.004925407142180624 0.004372165258360106
-6.276902121872406 0.012218805793665065 0.004956573235408679 0.0043941321480744895
-6.214133100653682 0.012241098214653025 0.004988529385741596 0.004416695937548075
-6.151364079434958 0.012264045780003655 0.005021302898004174 0.004439871320673192
-6.088595058216233 0.012287674605237105 0.005054922204286092 0.004463675412575479
-6.025826036997509 0.012312012825760527 0.005089417005029224 0.004488130980754712
-5.963057015778786 0.01233708921186396 0.005124818391343403 0.004513266717384958
-5.9002879945600615 0.012362934819188893 0.0051611589178765386 0.004539114634355405
-5.8375189733413375 0.012389581519697816 0.005198472632194865 0.004565706367177578
-5.7747499521226135 0.012417063513969014 0.005236795095321259 0.004593070718978823
-5.71198093090389 0.012445416567960508 0.005276163424937738 0.004621233885254575
-5.649211909685166 0.012474678336055131 0.005316616395159423 0.004650222096350561
-5.586442888466441 0.012504888706955373 0.005358194567371043 0.0046800649657789154
-5.523673867247717 0.012536089506210215 0.0054009404410569 0.0047107975070592575
-5.460904846028994 0.012568325405604487 0.005444898585812182 0.004742459715848067
-5.398135824810269 0.012601642966609516 0.0054901157502676035 0.004775094185809111
-5.335366803591545 0.01263609174558395 0.005536640952315699 0.004808743419384399
-5.272597782372821 0.012671724210873422 0.005584525580169896 0.004843448600781103
-5.209828761154097 0.012708595895435406 0.005633823520873266 0.004879250595583392
-5.147059739935373 0.012746765404745118 0.005684591326572529 0.004916192510631205
-5.084290718716648 0.012786295160606014 0.005736888407426371 0.004954322201978996
-5.021521697497925 0.012827251150318209 0.005790777232675373 0.004993693239705363
-4.958752676279201 0.012869703694215012 0.005846323525378024 0.005034363896371683
-4.895983655060476 0.012913727134501445 0.005903596451544004 0.005076395020837907
-4.833214633841752 0.012959400879209266 0.005962668814841095 0.005119848341660638
-4.770445612623028 0.013006809022040131 0.006023617276157527 0.005164786412300208
-4.707676591404304 0.013056041497282003 0.006086522608989012 0.005211274304783802
-4.64490757018558 0.013107193956141199 0.006151469985865997 0.005259382030927605
-4.582138548966856 0.013160368326627031 0.00621854929843707 0.005309186246553185
-4.5193695277481325 0.01321567365200275 0.006287855484314987 0.005360770334205485
-4.4566005065294085 0.013273226462265527 0.006359488868937907 0.005414223075226248
-4.393831485310685 0.013333151373397925 0.006433555527695914 0.005469637064059804
-4.33106246409196 0.01339558141178041 0.006510167676060818 0.0055271081716484795
-4.268293442873236 0.013460659693497797 0.006589444108703011 0.005586736641353442
-4.205524421654513 0.013528539322087264 0.00667151068747076 0.005648629321135625
-4.142755400435788 0.013599384987956598 0.006756500880025967 0.005712901807715937
-4.079986379217064 0.013673373375336029 0.006844556341052274 0.005779679405075148
-4.01721735799834 0.01375069508490293 0.0069358275341203654 0.005849096648040449
-3.954448336779616 0.013831555041171069 0.007030474404011675 0.005921296187582499
-3.8916793155608915 0.013916174624545261 0.007128667113553933 0.00599642824579475
-3.828910294342167 0.014004792620889585 0.007230586853871852 0.006074651526689828
-3.7661412731234436 0.014097667307155809 0.007336426751449779 0.006156135472644175
-3.7033722519047196 0.014195078473832501 0.007446392864090515 0.006241062900122784
-3.6406032306859952 0.014297329226088394 0.00756070528950612 0.006329631860822041
-3.577834209467271 0.014404748787418764 0.007679599367529468 0.00642205620112491
-3.5150651882485473 0.014517694806288046 0.0078033270133320886 0.006518565270589208
-3.452296167029824 0.01463655695117798 0.007932158185584216 0.006619403935185008
-3.3895271458110994 0.014761760081561277 0.008066382527805033 0.006724833904703009
-3.326758124592375 0.014893768016307884 0.008206311200496336 0.006835136595693436
-3.263989103373651 0.015033088122890031 0.008352278929918647 0.0069506167860421296
-3.2012200821549275 0.015180276807126305 0.008504646299444302 0.007071605921250821
-3.138451060936203 0.015335944268521626 0.008663802305493275 0.007198464346149289
-3.075682039717479 0.015500761920290759 0.008830167212666312 0.007331582699279121
-3.0129130184987547 0.015675469019677108 0.009004195755661715 0.0074713835337130025
-2.9501439972800307 0.015860881405811943 0.009186380737944814 0.007618324319139949
-2.8873749760613068 0.016057899884773942 0.009377257128691236 0.007772902294528464
-2.824605954842583 0.01626752175887299 0.009577406769175166 0.00793566071056741
-2.7618369336238584 0.01649085614728098 0.009787463784209974 0.008107195622767068
-2.6990679124051344 0.016729142617512037 0.01000812061952876 0.008288162346150882
-2.6362988911864105 0.016983765946177138 0.010240134750942972 0.008479280911909012
-2.5735298699676865 0.01725627209542889 0.010484336355011132 0.008681341877365805
-2.5107608487489625 0.01754839293682365 0.010741637224153184 0.008895214689649834
-2.447991827530238 0.01786207540811777 0.011013041050175592 0.00912185923011485
-2.385222806311514 0.01819951539150217 0.011299655241033194 0.009362340077496865
-2.32245378509279 0.018563196299955252 0.011602704524408767 0.009617842572043149
-2.2596847638740662 0.018955935783144084 0.011923546652778168 0.009889689973951657
-2.1969157426553423 0.019380940362557268 0.012263690594042339 0.010179362019523464
-2.134146721436618 0.019841872078114813 0.012624817661046134 0.010488516413940097
-2.071377700217894 0.020342926600427035 0.013008806144533787 0.010819015417373113
-2.00860867899917 0.020888930498856324 0.013417760109284313 0.011172959301883644
-1.9458396577804458 0.021485456452668326 0.013854043165313114 0.011552727434157759
-1.8830706365617218 0.022138966053445924 0.014320318236320682 0.011961026969544418
-1.8203016153429976 0.022856983924789378 0.014819594478153808 0.012400949423513916
-1.7575325941242737 0.02364831304680663 0.015355282966441937 0.012876036841055533
-1.6947635729055497 0.024523303181079027 0.015931262984231472 0.013390361247693577
-1.6319945516868255 0.025494185077484507 0.016551961380042612 0.013948622551930363
-1.5692255304681015 0.026575494338515977 0.01722244803014749 0.01455627053131466
-1.5064565092493774 0.02778460693086018 0.01794855135461296 0.015219656331207887
-1.4436874880306534 0.029142427790110014 0.018736998960606363 0.015946219189311946
-1.3809184668119292 0.03067427866850325 0.01959559006984963 0.01674471610401577
-1.3181494455932052 0.03241105741113805 0.020533408528939725 0.017625506447625925
-1.2553804243744813 0.034390765606394265 0.021561088225559077 0.018600909719825604
-1.192611403155757 0.03666054523174232 0.022691146945692246 0.019685661977338932
-1.1298423819370331 0.03927942534759909 0.02393841077659467 0.020897504863423722
-1.067073360718309 0.042322077403615356 0.025320560004992314 0.02225795209139957
-1.004304339499585 0.04588402369044339 0.0268588405960348 0.023793295175443152
-0.9415353182808609 0.05008897830720057 0.02857900532756731 0.025535938318716495
-0.8787662970621368 0.05509937799502106 0.030512579708491895 0.027526198573977315
-0.8159972758434128 0.06113179430389738 0.03269859744509367 0.029814781730486822
-0.7532282546246887 0.06847999991330538 0.035186031687169377 0.03246626455476235
-0.6904592334059646 0.07755038138896207 0.03803728689852129 0.035564114992396534
-0.6276902121872406 0.08891792717205475 0.041333360952838336 0.03921813530406784
-0.5649211909685166 0.10341782212983498 0.04518173921838487 0.043575868702730614
-0.5021521697497925 0.12230148484619292 0.04972896277655779 0.048840794965039194
-0.4393831485310684 0.14751567672430424 0.05518163826760765 0.055302818812829134
-0.37661412731234434 0.18223275954278104 0.061843743627655934 0.06339257541485838
-0.3138451060936203 0.23193830458153636 0.070188156851124 0.07378597932046158
-0.25107608487489624 0.3068999567524048 0.08100845308808491 0.08762728280444138
-0.18830706365617217 0.4286263887577969 0.09578994927466716 0.10707845791325538
-0.12553804243744812 0.6508533419789382 0.11783163234741331 0.1370028984983657
-0.06276902121872406 1.1599620192337738 0.15708676559296766 0.19257595856149737
0.0 2.761257609827882 0.22984607676791635 0.3316384644876632
0.06276902121872406 1.2888523455092744 0.1649218723226126 0.20941482023235333
0.12553804243744812 0.734147441484882 0.12538903311902652 0.1517528157439596
0.18830706365617217 0.4841359679260995 0.102637729570365 0.11965515212916693
0.25107608487489624 0.34547710682389493 0.08717330546940613 0.09840732350802157
0.3138451060936203 0.25969600097196754 0.07574876621411296 0.08310715398815595
0.37661412731234434 0.20278228396125858 0.06687830327226256 0.07152318314261136
0.4393831485310684 0.16309449381931743 0.05975881865438371 0.062453030953825615
0.5021521697497925 0.13435259493770324 0.05390728325393045 0.05517607664905863
0.5649211909685166 0.11290350404586785 0.04901073513772861 0.04922765437324973
0.6276902121872406 0.0964982772103628 0.04485499653282107 0.04429180068082256
0.6904592334059646 0.08368932512159075 0.04128723374543073 0.04014488765030406
0.7532282546246887 0.07351055200693588 0.03819474149837912 0.036623637334249545
0.8159972758434128 0.06529749432071787 0.03549218082879532 0.033605843371941106
0.8787662970621368 0.05858131174542623 0.033113521939758986 0.030998175238161955
0.9415353182808609 0.053023818212615 0.031006750044987645 0.02872815409864656
1.004304339499585 0.04837632519742466 0.02913026780238629 0.026738700218685622
1.067073360718309 0.04445281798316578 0.027450379566128398 0.024984325009411182
1.1298423819370331 0.04111203435728604 0.02593948815433925 0.023428406229764373
1.192611403155757 0.038245225810788014 0.02457477423367895 0.022041194686361884
1.2553804243744813 0.03576763712874863 0.02333721080179201 0.020798327684529584
1.3181494455932052 0.03361246880439311 0.022210815442717302 0.019679703671072194
1.3809184668119292 0.03172653199364031 0.021182074627006643 0.01866862167517656
1.4436874880306534 0.030067075394835673 0.020239494664132766 0.017751118648921736
1.5064565092493774 0.028599438963263172 0.01937324736317371 0.01691545520761691
1.5692255304681015 0.027295296746901444 0.018574887506414558 0.01615171160145784
1.6319945516868255 0.026131327124745644 0.017837125463051832 0.015451464996037412
1.6947635729055497 0.025088195256800876 0.01715364265505273 0.014807527795347301
1.7575325941242737 0.024149768643566452 0.016518940669933316 0.014213734205954369
1.8203016153429976 0.023302504694655144 0.015928217062883467 0.013664767197938164
1.8830706365617218 0.022534971376279432 0.015377262504351487 0.013156019889399408
1.9458396577804458 0.02183746631816106 0.014862375152939861 0.01268348502813898
2.00860867899917 0.021201714230834903 0.014380288977193324 0.012243665508293517
2.071377700217894 0.020620623670612098 0.013928113509158409 0.01183349937070321
2.134146721436618 0.02008809026013766 0.013503282935258076 0.011450294910699285
2.1969157426553423 0.019598837800929206 0.013103512974164991 0.011091674361574565
2.2596847638740662 0.019148286424013703 0.012726764186767424 0.010755526586963472
2.32245378509279 0.018732447257054786 0.012371210686051903 0.010439969314843811
2.385222806311514 0.018347832099798313 0.012035213374314005 0.01014331997754165
2.447991827530238 0.017991381148374973 0.01171729696950736 0.009864072515130464
2.5107608487489625 0.017660401202031658 0.011416130230459618 0.009600876951031479
2.5735298699676865 0.01735251454517045 0.011130508872609449 0.009352519659072902
2.6362988911864105 0.017065615467839527 0.010859340770607616 0.009117904254462104
2.6990679124051344 0.016797832463873754 0.010601633109640511 0.008896034616720314
2.7618369336238584 0.016547495558400946 0.0103564812476874 0.008686001847905028
2.824605954842583 0.016313110159145404 0.010123059147695804 0.008486976178362082
2.8873749760613068 0.016093341227666914 0.009900611182447753 0.008298202210600613
2.9501439972800307 0.015886997742708367 0.00968844486538838 0.008118993051628507
3.0129130184987547 0.01569301013536637 0.009485924161026952 0.007948722157327389
3.075682039717479 0.015510411423583404 0.009292463553444052 0.007786814789927161
3.138451060936203 0.015338326489027398 0.0091075229884424 0.007632740249633132
3.2012200821549275 0.015175962238525452 0.008930603526304221 0.007486006237391828
3.263989103373651 0.015022599471053633 0.008761243499179347 0.007346156167463896
3.326758124592375 0.014877584338292386 0.008599015088270262 0.007212768542670646
3.3895271458110994 0.014740322016599309 0.008443521255384598 0.007085456279116083
3.452296167029824 0.014610269561530416 0.008294392988708855 0.006963864153136337
3.5150651882485473 0.014486931098794434 0.00815128683287454 0.006847664114266412
3.577834209467271 0.014369852872662238 0.008013882679982933 0.006736549939885455
3.6406032306859952 0.01425861895836366 0.007881881804147057 0.006630233396429367
3.7033722519047196 0.014152847302439837 0.007755005118178016 0.00652844318854083
3.7661412731234436 0.014052186836082906 0.007632991607549765 0.006430926185653562
3.828910294342167 0.013956314353118665 0.007515596913378313 0.006337448910149879
3.8916793155608915 0.013864931710110788 0.00740259202276778 0.006247797179419856
3.954448336779616 0.013777763825667325 0.0072937620754236114 0.00616177314025069
4.01721735799834 0.013694556146985485 0.0071889052679292255 0.006079190851629277
4.079986379217064 0.013615073395166584 0.007087831882223365 0.005999872698376287
4.142755400435788 0.013539097172799448 0.006990363419474993 0.005923648467321526
4.205524421654513 0.013466425204034264 0.006896331828701798 0.005850357159270352
4.268293442873236 0.013396869273549333 0.006805578794654254 0.005779849775389842
4.33106246409196 0.0133302546565952 0.00671795505779647 0.005711990602629667
4.393831485310685 0.013266418400824603 0.006633319764773828 0.005646655564050696
4.4566005065294085 0.013205209055282843 0.0065515398621558705 0.005583728214534428
4.5193695277481325 0.013146484929907516 0.006472489554387438 0.005523095663803251
4.582138548966856 0.013090113895503337 0.006396049840489583 0.0054646468706026205
4.64490757018558 0.013035972654080885 0.006322108111304924 0.005408274247801451
4.707676591404304 0.012983945685289313 0.006250557784724504 0.005353877292703892
4.770445612623028 0.012933924888616445 0.006181297936229599 0.005301365541838922
4.833214633841752 0.012885808897481697 0.006114232912892491 0.005250658515904183
4.895983655060476 0.012839502698145336 0.006049271954968705 0.005201682297036743
4.958752676279201 0.012794916908668371 0.005986328847714999 0.0051543646839602685
5.021521697497925 0.012751968005130995 0.005925321644908493 0.00510863194541121
5.084290718716648 0.012710576974672268 0.00586617246179465 0.005064409271864739
5.147059739935373 0.012670669886927614 0.005808807303836731 0.005021624639361873
5.209828761154097 0.012632176812902804 0.0057531558856304685 0.004980213495803534
5.272597782372821 0.012595032220298086 0.00569915139885524 0.004940120999101297
5.335366803591545 0.012559173985100747 0.005646730240716657 0.0049013000165515465
5.398135824810269 0.012524543538526573 0.00559583174407439 0.004863705841528814
5.460904846028994 0.012491085848393887 0.0055463979688498725 0.004827290839307303
5.523673867247717 0.012458748689736706 0.005498373586325619 0.0047920024714074
5.586442888466441 0.012427482510579005 0.005451705838430108 0.004757786120412583
5.649211909685166 0.012397240907107372 0.0054063445005626065 0.004724591058269515
5.71198093090389 0.012367979539771996 0.005362241783463585 0.00469237573547769
5.7747499521226135 0.012339656761354078 0.005319352132018911 0.004661108782667244
5.8375189733413375 0.012312232864198457 0.005277631969519081 0.004630764699412852
5.9002879945600615 0.012285670177569792 0.005237039460394906 0.004601316603323048
5.963057015778786 0.01225993333337386 0.005197534396780675 0.0045727304803812804
6.025826036997509 0.01223498816202377 0.005159078216022352 0.004544964703288088
6.088595058216233 0.012210802904407903 0.005121634104892281 0.004517975451358294
6.151364079434958 0.012187346496310765 0.0050851670673601156 0.004491724927990824
6.214133100653682 0.0121645904391737 0.005049643848483379 0.00446618727227079
6.276902121872406 0.012142506800914034 0.0050150326905533706 0.0044413481678418415
6.339671143091129 0.012121069585026964 0.004981303005762559 0.0044171978737754455
6.402440164309855 0.012100253527115142 0.004948425121934339 0.004393721535585088
6.465209185528578 0.012080034785433945 0.004916370234368639 0.004370892622292626
6.527978206747302 0.012060390968910198 0.004885110585896335 0.004348673810301153
6.590747227966026 0.012041300016177953 0.0048546197560333055 0.00432702532300988
6.65351624918475 0.012022741464977898 0.004824872855065143 0.004305916126689262
6.716285270403475 0.012004695651186639 0.004795846444982553 0.004285331258949617
6.779054291622199 0.011987143762320997 0.004767518165421673 0.004265270430183133
6.841823312840922 0.011970067575879824 0.004739866223819378 0.004245738002026226
6.904592334059648 0.011953450316514232 0.004712869013215555 0.004226729710457904
6.967361355278371 0.011937275209087725 0.004686505109012962 0.00420822387580022
7.030130376497095 0.011921526923854503 0.004660753665520888 0.004190182749741744
7.092899397715819 0.011906190090546722 0.004635595021816351 0.004172564048326596
7.155668418934542 0.011891250571554796 0.004611011149165327 0.004155336666966543
7.218437440153267 0.011876694412661513 0.004586985617143696 0.0041384915936089435
7.2812064613719905 0.011862508634129366 0.004563502997828624 0.004122041120161603
7.343975482590714 0.011848680556383561 0.004540547958246445 0.004106005771097322
7.406744503809439 0.011835197922441433 0.004518104509769235 0.004090395492842019
7.469513525028163 0.011822049448958854 0.004496155891837657 0.004075195481891573
7.532282546246887 0.011809223614499733 0.004474685234930138 0.004060365197108002
7.595051567465611 0.011796709969273763 0.0044536767455361686 0.004045852305129569
7.657820588684334 0.011784498082775133 0.00443311677851663 0.0040316150005991905
7.72058960990306 0.01177257832570815 0.004412994146630992 0.004017640815523847
7.783358631121783 0.011760941204678379 0.004393299331542696 0.004003950952674893
7.846127652340507 0.011749577598768123 0.004374022850720152 0.003990586369794715
7.908896673559232 0.011738478636762367 0.004355153566222226 0.003977581716395638
7.971665694777956 0.0117276363554377 0.004336677856189571 0.003964940386324534
8.03443471599668 0.011717042104319612 0.004318580291929337 0.00395262437413113
8.097203737215404 0.011706688211058023 0.0043008456694000365 0.003940565769430597
8.159972758434128 0.01169656735908194 0.004283461510411134 0.00392869578997116
8.222741779652852 0.01168667241470458 0.004266419720803376 0.003916977486500853
8.285510800871576 0.011676996421503327 0.004249716329914181 0.0039054249419985926
8.3482798220903 0.011667532609243227 0.00423334910958436 0.0038940974152592437
8.411048843309025 0.011658274601886379 0.004217313973103457 0.0038830692472332485
8.473817864527748 0.011649216173055907 0.004201601862878531 0.0038723891128710484
8.536586885746472 0.011640351470083615 0.0041861978599217415 0.0038620485981425705
8.599355906965195 0.011631674320332267 0.004171083376244378 0.003851976797336658
8.66212492818392 0.011623179484630278 0.004156240835039382 0.003842066109024205
8.724893949402645 0.011614861560514713 0.004141658838673386 0.003832219481346111
8.78766297062137 0.011606715600949892 0.004127335258823584 0.003822397612336947
8.850431991840091 0.011598736109521305 0.004113276286374325 0.0038126422885055794
8.913201013058817 0.011590918507687285 0.004099491201497137 0.00380306186298179
8.975970034277541 0.01158325818215207 0.004085984735857895 0.003793782840291754
9.038739055496265 0.011575750619774968 0.004072750357906611 0.0037848883779590553
9.101508076714989 0.011568391319561142 0.004059767943816717 0.003776371634413635
9.164277097933711 0.011561176016637049 0.004047007730466732 0.003768126574282541
9.227046119152437 0.011554100876305427 0.0040344397555611925 0.0037599839286582364
9.28981514037116 0.011547161542894705 0.004022045257886679 0.0037517807719016053
9.352584161589885 0.011540354376624436 0.004009824979922009 0.0037434352746017136
9.415353182808609 0.011533675646724677 0.0039977999371172334 0.0037349918852812385
9.478122204027333 0.01152712203158541 0.003986003006026619 0.003726612606855033
9.540891225246057 0.011520690061842885 0.003974463629667318 0.0037185142972542607
9.60366024646478 0.01151437610067053 0.003963191379559736 0.0037108770678793285
9.666429267683505 0.01150817701422201 0.00395216545723773 0.003703761464663792
9.72919828890223 0.011502089405673368 0.003941335730979904 0.003697068410683591
9.791967310120953 0.011496110133691248 0.003930636833559192 0.00369056094397596
9.854736331339677 0.011490236246119554 0.003920011522311916 0.0036839459934514657
9.917505352558402 0.01148446457241205 0.003909434886741526 0.00367699069673314
9.980274373777126 0.011478792891861454 0.003898929197015733 0.003669627531136348
10.04304339499585 0.01147321836153718 0.003888561585059615 0.003661999297736765
10.105812416214572 0.011467738472462562 0.0038784228858612345 0.003654418325392147
10.168581437433296 0.011462350661363327 0.0038685934710789883 0.003647254164229774
10.231350458652022 0.011457052519829302 0.0038591076773800245 0.0036407949645363732
10.294119479870746 0.011451841158378778 0.003849930236657731 0.003635133026071
10.35688850108947 0.01144671385783509 0.003840955339681247 0.0036301110883866935
10.419657522308194 0.011441668333221694 0.0038320324294441937 0.0036253486682133245
10.482426543526918 0.011436701936641511 0.0038230137644013813 0.003620351441131037
10.545195564745642 0.01143181246085443 0.0038138095943548982 0.0036146822881435174
10.607964585964366 0.01142699800120923 0.00380443096792207 0.0036081378378036524
10.67073360718309 0.011422256968260686 0.0037950017185718284 0.0036008519137481904
10.733502628401814 0.011417587732138298 0.0037857311042207354 0.003593269815247902
10.796271649620538 0.011412988749702667 0.0037768530536012356 0.003586002462181737
10.859040670839262 0.011408457690997444 0.0037685499886909563 0.003579627502485841
10.921809692057987 0.011403992921056724 0.0037608839568812847 0.003574511678464343
10.984578713276711 0.011399591473488575 0.003753755660207249 0.0035706955158362804
11.047347734495434 0.011395250871062003 0.003746906219166186 0.003567851342989464
11.110116755714158 0.01139096820915277 0.003739968839710973 0.0035653236915531936
11.172885776932882 0.011386741174921033 0.0037325658833293916 0.0035622721521903194
11.235654798151607 0.011382568181223093 0.003724429634670302 0.0035579205905609526
11.298423819370331 0.011378447936794708 0.0037155077949382605 0.0035518492404871906
11.361192840589055 0.011374380249752606 0.003706010658050427 0.0035441913838502367
11.42396186180778 0.011370364797793431 0.003696376035679061 0.003535612154454563
11.486730883026503 0.011366401936648576 0.0036871625903013706 0.0035270791339679004
11.549499904245227 0.01136249032610528 0.0036789094996943924 0.0035195624625323947
11.612268925463951 0.011358628499747276 0.0036720033483279716 0.0035138034434855575
11.675037946682675 0.011354813939152593 0.0036665766194758005 0.0035101937139909944
11.737806967901399 0.011351042482716282 0.0036624452893077456 0.003508723612787271
11.800575989120123 0.011347309221989276 0.003659090953013678 0.003508946003881905
11.863345010338847 0.011343609713620147 0.0036557055971522994 0.0035099503151550925
11.926114031557573 0.01133993957621459 0.0036513278109485047 0.003510418625985575
11.988883052776295 0.011336296672185983 0.003645080709957195 0.003508883579470337
12.051652073995019 0.011332680169868381 0.003636459528960543 0.0035042244159368126
12.114421095213743 0.011329091551972943 0.0036255452376827988 0.003496188955761629
12.177190116432467 0.011325534574021141 0.0036130202892367814 0.0034855568479110997
12.239959137651192 0.011322013378996607 0.0035999699689222013 0.003473785453814186
12.302728158869916 0.01131853258823757 0.0035875836656384407 0.003462420126146967
12.365497180088639 0.011315094940884993 0.003576904904159629 0.00345267064575929
12.428266201307364 0.01131170116610503 0.0035687056831625805 0.0034452971084759387
12.491035222526088 0.01130834827792091 0.0035634667076329075 0.0034406981553804887
12.553804243744812 0.011305029142680013 0.0035613976199058554 0.0034390444404190142
12.616573264963536 0.011301732250661403 0.003562430287455142 0.0034403568752774533
12.679342286182258 0.01129844404441541 0.003566137933790695 0.0034444783187986346
12.742111307400984 0.011295148134776903 0.0035715670381196896 0.0034509054885512322
12.80488032861971 0.011291828979718086 0.003577042671583671 0.003458482033232736
12.867649349838432 0.011288473146095494 0.0035801455829265177 0.0034650995507688556
12.930418371057156 0.011285071993560582 0.003578175719906212 0.0034678496021026757
12.99318739227588 0.01128162294131562 0.0035692167490320513 0.0034641395492629864
13.055956413494604 0.011278129044705773 0.0035532378458527874 0.003453363819782815
13.11872543471333 0.011274601319913008 0.003532235110882297 0.0034374701521208847
13.181494455932052 0.011271055597399566 0.003509180423349239 0.0034196392372721524
13.244263477150778 0.01126751321122753 0.003486704190197704 0.0034025282545455077
13.3070324983695 0.01126399786085797 0.0034664243166150936 0.0033875478950999827
13.369801519588224 0.011260534179299505 0.0034489838088093802 0.0033750841242590262
13.43257054080695 0.011257145856309905 0.0034343909909200043 0.003364971411107876
13.495339562025672 0.011253854204543917 0.0034223456035824633 0.0033568424819118816
13.558108583244397 0.011250677646412674 0.003412448505579862 0.0033503083732437794
13.620877604463121 0.011247630036991113 0.0034043080786558206 0.00334502869309892
13.683646625681844 0.011244721663452726 0.0033975827608587385 0.0033407283222363685
13.74641564690057 0.011241959194651364 0.0033919910320131435 0.003337192842483979
13.809184668119295 0.011239345350246299 0.0033873074101144277 0.003334257735511189
13.871953689338017 0.011236880520314707 0.00338335375708543 0.003331797346886972
13.934722710556741 0.011234562613509531 0.003379990068307136 0.0033297155540222274
13.997491731775463 0.011232387149521133 0.003377106320658574 0.0033279384536008686
14.06026075299419 0.011230348998838886 0.0033746157988885197 0.003326408825881507
14.123029774212915 0.011228441924170504 0.003372449826071526 0.0033250820136013154
14.185798795431637 0.011226658936755328 0.0033705536905390674 0.003323922866926852
14.248567816650361 0.011224992779097375 0.003368883519929741 0.003322903481609652
14.311336837869083 0.011223436225406041 0.0033674038961173445 0.0033220015166695984
14.374105859087809 0.01122198228851543 0.0033660860270290738 0.0033211989368488815
14.436874880306535 0.011220624107128834 0.0033649063512324385 0.0033204810665214673
14.499643901525257 0.011219355104343192 0.0033638454514444355 0.00331983587258028
14.562412922743981 0.011218168680454855 0.003362887229739886 0.003319253416445053
14.625181943962707 0.011217059082230696 0.0033620182520807482 0.003318725432624704
14.687950965181429 0.011216020677675059 0.0033612272422819697 0.003318245001603237
14.750719986400155 0.011215048076442476 0.0033605046796712 0.003317806294881227
14.813489007618879 0.011214137153122375 0.0033598424822872184 0.003317404375113273
14.876258028837603 0.011213282615433848 0.0033592337548578695 0.0033170350363496675
14.939027050056326 0.01121248094207377 0.0033586725832145886 0.0033166946763411283
15.001796071275049 0.011211728462630126 0.003358153872161877 0.0033163801948107923
15.064565092493774 0.01121102108104846 0.0033576732110936554 0.003316088910581892
15.1273341137125 0.011210356029671707 0.0033572267661254596 0.003315818494565281
15.190103134931222 0.01120973028118017 0.0033568111896426166 0.003315566913743109
15.252872156149946 0.011209141098022603 0.003356423548510772 0.0033153323859052633
15.315641177368668 0.011208585954544542 0.003356061261161619 0.0033151133415876308
15.378410198587394 0.011208062873644814 0.003355722048518444 0.003314908393296622
15.44117921980612 0.011207569158117492 0.0033554038926133754 0.0033147163102227642
15.503948241024842 0.011207103160672903 0.0033551049988149637 0.0033145359979196796
15.566717262243566 0.01120666311889117 0.0033548237691743144 0.0033143664816372375
15.629486283462292 0.011206247089929818 0.0033545587762606184 0.003314206891999446
15.692255304681014 0.011205853922877464 0.003354308741153661 0.003314056452470888
15.75502432589974 0.011205482244214504 0.003354072517017562 0.0033139144675516275
15.817793347118464 0.011205130724759935 0.0033538490716520297 0.003313780312432115
15.880562368337186 0.011204798031442354 0.0033536374742254185 0.0033136534239275733
15.943331389555912 0.011204482601905711 0.003353436882285478 0.003313533292554846
16.006100410774636 0.011204184068773718 0.0033532465333696356 0.003313419456340129
16.06886943199336 0.011203901388315637 0.0033530657344731547 0.0033133114946843597
16.131638453212084 0.011203633483625984 0.0033528938540671603 0.003313209023656163
16.194407474430808 0.011203379728663128 0.003352730316925164 0.0033131116920462654
16.25717649564953 0.011203139078171281 0.003352574597866119 0.0033130191781024537
16.319945516868255 0.011202911070934346 0.003352426217988967 0.003312931188938528
16.38271453808698 0.011202694718398392 0.003352284740098098 0.0033128474598449285
16.445483559305703 0.0112024898039229 0.003352149764416638 0.0033127677511760652
16.508252580524427 0.01120229551294746 0.0033520209235483756 0.0033126918416641034
16.57102160174315 0.011202111857580478 0.0033518978792029474 0.003312619526985211
16.633790622961875 0.01120193787241602 0.0033517803202827577 0.0033125506177661967
16.6965596441806 0.011201773154725609 0.0033516679609159046 0.0033124849404637287
16.759328665399323 0.011201617224991153 0.003351560538322587 0.0033124223357770283
16.82209768661805 0.011201470032992985 0.0033514578109088656 0.0033123626586474488
16.88486670783677 0.011201331337491445 0.0033513595574650515 0.003312305776674629
16.947635729055495 0.01120119972566519 0.0033512655758581355 0.003312251569584868
17.01040475027422 0.011201076202298226 0.003351175680806488 0.003312199928988389
17.073173771492943 0.01120095970888673 0.0033510897041924893 0.0033121507566529727
17.13594279271167 0.011200850244898489 0.00335100749301949 0.0033121039651519742
17.19871181393039 0.011200747311972178 0.0033509289096738865 0.0033120594770480777
17.26148083514912 0.011200651044836534 0.003350853831472342 0.0033120172255529205
17.32424985636784 0.011200561214764176 0.003350782148252119 0.003311977153671165
17.387018877586563 0.011200477323373953 0.0033507137659116795 0.003311939215020042
17.44978789880529 0.011200399476280157 0.003350648601754837 0.003311903373573932
17.51255692002401 0.011200327100350972 0.003350586589244117 0.0033118696040660162
17.57532594124274 0.011200260813987712 0.0033505276744981885 0.003311837891855842
17.638094962461462 0.011200200267141358 0.0033504718189933534 0.0033118082340917905
17.700863983680183 0.011200145086208086 0.0033504190000256213 0.0033117806396339125
17.76363300489891 0.01120009498803502 0.003350369210669964 0.0033117551302612913
17.826402026117634 0.01120005072849161 0.003350322462823005 0.0033117317410865698
17.889171047336358 0.011200011181950442 0.003350278788040805 0.003311710522730392
17.951940068555082 0.011199977046343085 0.0033502382402587133 0.0033116915416871876
18.014709089773802 0.011199947612173682 0.003350200898681532 0.0033116748829166123
18.07747811099253 0.011199923121893303 0.0033501668711367096 0.0033116606517041005
18.140247132211254 0.011199904206931116 0.003350136298500727 0.0033116489767530686
18.203016153429978 0.011199889343638705 0.0033501093580978357 0.00331164001277877
18.265785174648702 0.011199879872456407 0.0033500862665485328 0.0033116339434157835
18.328554195867422 0.011199874699470853 0.00335006728368677 0.003311630982761308
18.39132321708615 0.01119987392541238 0.0033500527067346526 0.0033116313724985405
18.454092238304874 0.011199877532208472 0.0033500428612711626 0.003311635372119045
18.516861259523598 0.011199886199978961 0.0033500380720971087 0.003311643233886168
18.57963028074232 0.011199899869672288 0.0033500386095116335 0.0033116551537566933
18.642399301961046 0.011199919761335202 0.0033500445889443477 0.003311671183330732
18.70516832317977 0.011199948803197054 0.0033500558058003156 0.003311691099709649
18.767937344398494 0.011199990514435439 0.003350071448499465 0.0033117142508236126
18.830706365617218 0.011200052493015755 0.003350089615196167 0.003311739404669648
18.89347538683594 0.011200138083670815 0.003350106511134225 0.0033117644123051215
18.956244408054665 0.011200226540956634 0.003350115793174865 0.003311784711469827
19.01901342927339 0.011200244910012482 0.0033501103480429043 0.00331179066687033
19.081782450492113 0.011200125715481924 0.003350087740593619 0.0033117733530922634
19.14455147171084 0.011199929034536094 0.003350052455898849 0.003311739418198839
19.20732049292956 0.011199753382917338 0.0033500112760518745 0.0033117030537410815
19.270089514148285 0.011199628356711736 0.0033499693956578185 0.0033116714475270146
19.33285853536701 0.011199546156267082 0.0033499300146725493 0.0033116461463466914
19.395627556585733 0.011199493190225078 0.003349894929885195 0.0033116269413718006
19.45839657780446 0.011199460286331965 0.003349865006601054 0.003311613275805925
19.52116559902318 0.011199442253778141 0.003349840516777082 0.0033116045860685627
19.583934620241905 0.011199435786605889 0.0033498213964399024 0.0033116003891901983
19.646703641460633 0.011199438138751412 0.003349807428241942 0.0033116003055126846
19.709472662679353 0.011199448554959336 0.0033497983584557054 0.003311604061335274
19.77224168389808 0.011199466643409503 0.0033497939622378894 0.0033116114807097865
19.835010705116805 0.011199492054037467 0.0033497940744659335 0.0033116224758043137
19.897779726335525 0.011199525101037711 0.0033497986019455778 0.003311637037324794
19.960548747554252 0.011199564813135285 0.0033498075257072184 0.003311655230229271
20.023317768772973 0.01119961263060721 0.003349820900228462 0.0033116771791460277
20.0860867899917 0.011199668182791974 0.0033498388508015424 0.003311703085576924
20.148855811210424 0.011199733298328027 0.0033498615725148406 0.0033117332108556297
20.211624832429145 0.011199807519747881 0.0033498893315947673 0.003311767887765834
20.274393853647872 0.011199892378114914 0.0033499224677730356 0.003311807525116721
20.337162874866593 0.011199990117746942 0.0033499614005791053 0.0033118526180408218
20.39993189608532 0.011200101094097843 0.003350006636734161 0.003311903761358395
20.462700917304044 0.011200227702532702 0.003350058784128392 0.0033119616661597684
20.525469938522768 0.011200371988378484 0.003350118559660196 0.003312027175059218
20.588238959741492 0.011200537155745195 0.003350186820301764 0.00331210128806048
20.651007980960216 0.011200725975417254 0.003350264588558047 0.0033121852460274003
20.71377700217894 0.011200944197462506 0.003350353087674313 0.0033122805726894435
20.776546023397664 0.011201197336635722 0.0033504537742774596 0.003312389096633778
20.839315044616388 0.011201493112180388 0.0033505683939806076 0.0033125130393060775
20.902084065835112 0.0112018409870133 0.003350699054099572 0.003312655139472783
20.964853087053836 0.011202253358478707 0.003350848323491601 0.003312818799696289
21.02762210827256 0.011202746717920316 0.0033510193641379895 0.003313008290226861
21.090391129491284 0.011203344174788424 0.003351216111509091 0.00331322903435309
21.153160150710008 0.011204077188955438 0.003351443532191308 0.003313488018238762
21.21592917192873 0.011204988279517053 0.0033517079933105404 0.0033137943939431473
21.278698193147456 0.011206141441394795 0.003352017811673955 0.003314160395113735
21.34146721436618 0.011207629389146169 0.003352384081026945 0.0033146027761064966
21.404236235584904 0.011209595176075185 0.0033528219695022417 0.003315145169801226
21.467005256803628 0.011212264830336202 0.0033533527696589403 0.003315822130998094
21.52977427802235 0.011216013844608791 0.0033540071433675036 0.00331668638951468
21.592543299241076 0.011221495832781366 0.00335482994368992 0.0033178222436791123
21.655312320459803 0.011229890430010077 0.0033558855492714776 0.003319369495021168
21.718081341678523 0.011243320252021146 0.0033572543023747807 0.0033215541314271114
21.780850362897247 0.01126486284506861 0.0033589761635829823 0.003324631502193338
21.843619384115975 0.011293793772947374 0.0033608165769405274 0.003328204996344317
21.906388405334695 0.011310698147399753 0.0033618804686074955 0.0033296746344787017
21.969157426553423 0.011297577873618143 0.0033612255862484125 0.0033274507384492735
22.031926447772143 0.011275053186771264 0.0033594523241578076 0.0033244100795397926
22.094695468990867 0.011257778531083515 0.003357707657334098 0.0033220529115391977
22.157464490209595 0.011245700167140615 0.0033563379255608225 0.003320238656441914
22.220233511428315 0.01123678175827041 0.0033552613322049246 0.0033187500442500677
22.283002532647043 0.011229867031613019 0.0033543708130827988 0.00331750336238776
22.345771553865763 0.0112243904517741 0.0033536096053601865 0.0033164666092587104
22.40854057508449 0.011220026519163578 0.003352952670984224 0.0033156146633105915
22.471309596303215 0.01121654541028423 0.0033523868200727807 0.003314919954143422
22.534078617521935 0.011213764952030827 0.00335190161327399 0.003314354345592661
22.596847638740662 0.01121153853146902 0.003351486785825709 0.0033138920636734334
22.659616659959386 0.01120974625262709 0.0033511321934918486 0.003313511281682608
22.72238568117811 0.011208295519230912 0.003350828329827405 0.0033131944509600456
22.785154702396834 0.011207111539744557 0.0033505667479428237 0.0033129279173105494
22.84792372361556 0.011206138092725299 0.0033503402479225387 0.0033127012588719464
22.910692744834282 0.011205330543463678 0.003350142866217424 0.00331250658874593
22.973461766053006 0.011204654954775543 0.003349969737271331 0.003312337928192139
23.03623078727173 0.011204085404495882 0.00334981691129984 0.0033121906906769306
23.098999808490454 0.01120360281627272 0.003349681174851402 0.0033120612912258193
23.161768829709178 0.01120318957779831 0.0033495599045341067 0.003311946875029458
23.224537850927902 0.011202834926650754 0.003349450948924195 0.0033118451382143205
23.287306872146626 0.01120252911327133 0.0033493525443459887 0.0033117542048041763
23.35007589336535 0.011202262893844078 0.0033492632346074887 0.0033116725387228514
23.412844914584074 0.011202031688901146 0.0033491818167781604 0.003311598875818998
23.475613935802798 0.011201828800350973 0.003349107288785122 0.003311532171116035
23.538382957021522 0.011201650527632593 0.0033490388112076227 0.0033114715548659872
23.601151978240246 0.011201495102491299 0.003348975673512332 0.003311416293354935
23.66392099945897 0.011201358806820143 0.0033489172708672686 0.0033113657576636438
23.726690020677694 0.011201236989537082 0.003348863084364581 0.0033113193999757345
23.789459041896418 0.01120113002573193 0.003348812666124596 0.003311276742573155
23.852228063115145 0.011201035794336688 0.0033487656275555107 0.0033112373732149545
23.914997084333866 0.011200953671538725 0.0033487216297171966 0.003311200944549063
23.97776610555259 0.01120087930370917 0.0033486803773234127 0.0033111671675774093
24.040535126771314 0.011200814165434177 0.0033486416108734706 0.0033111357994022937
24.103304147990038 0.011200757290086854 0.0033486051058052835 0.0033111066275535324
24.166073169208765 0.011200707951679139 0.0033485706649618455 0.0033110794568463457
24.228842190427486 0.01120066581226139 0.003348538115971698 0.003311054104205792
24.291611211646213 0.01120062779853058 0.003348507307379303 0.003311030401928004
24.354380232864933 0.011200595492576773 0.003348478104957153 0.0033110082060600543
24.417149254083657 0.011200567764297495 0.0033484503861395823 0.0033109873993619325
24.479918275302385 0.011200544189042705 0.0033484240354968962 0.003310967877777104
24.542687296521105 0.011200523252620699 0.0033483989370308533 0.0033109495194113825
24.605456317739833 0.011200507095812143 0.00334837497681979 0.0033109321718608584
24.668225338958557 0.011200494414645004 0.0033483520524134032 0.0033109157122108122
24.730994360177277 0.011200485862134799 0.0033483300895668796 0.0033109001136585837
24.793763381396005 0.011200476698971337 0.003348309042943045 0.0033108853897312234
24.85653240261473 0.011200472621136139 0.0033482888806882338 0.0033108715084067424
24.919301423833453 0.011200469148570964 0.0033482695669819398 0.0033108583931214866
24.982070445052177 0.011200465914721363 0.003348251061460382 0.0033108459646049217
25.044839466270897 0.01120046413831118 0.0033482333179839963 0.003310834173328299
25.107608487489625 0.011200460143282387 0.003348216297129259 0.0033108229997045368
25.17037750870835 0.01120046334056963 0.0033481999610834616 0.003310812446779712
25.233146529927073 0.011200464747694915 0.0033481842762891167 0.0033108025206148536
25.295915551145793 0.011200472356679137 0.0033481692105766306 0.0033107932182941165
25.358684572364517 0.011200481922319375 0.003348154733217194 0.003310784520555402
25.421453593583244 0.011200492042749529 0.0033481408145907185 0.003310776391942881
25.48422261480197 0.011200507199072755 0.0033481274253931536 0.003310768782143096
25.546991636020692 0.01120052199670618 0.003348114535896226 0.0033107616285333787
25.60976065723942 0.01120053741195396 0.0033481021186453045 0.003310754860976345
25.67252967845814 0.011200553461097119 0.003348090147453094 0.0033107484126922077
25.735298699676864 0.011200569849989328 0.0033480785987821983 0.003310742234028745
25.798067720895588 0.011200581122494434 0.00334806745085271 0.003310736303771865
25.860836742114312 0.011200596312347273 0.003348056686067404 0.003310730625983669
25.92360576333304 0.011200611838676908 0.003348046287898195 0.003310725217310076
25.98637478455176 0.011200626862376108 0.00334803624139569 0.0033107200903633094
26.049143805770484 0.011200644998267414 0.0033480265314754063 0.0033107152485351925
26.111912826989208 0.011200662041121117 0.003348017145481508 0.0033107106935848073
26.174681848207936 0.011200681230677294 0.003348008071310745 0.0033107064328019562
26.23745086942666 0.011200702588426 0.003347999298353111 0.0033107024770353604
26.30021989064538 0.01120072497790348 0.003347990814625374 0.003310698830889182
26.362988911864104 0.011200749621780146 0.00334798260811901 0.0033106954850880468
26.425757933082828 0.011200776079301365 0.0033479746647740046 0.003310692411746105
26.488526954301555 0.011200801489797319 0.003347966969608677 0.0033106895632234556
26.55129597552028 0.011200828278623513 0.003347959508160129 0.003310686878327359
26.614064996739 0.011200851899926307 0.003347952268530012 0.0033106842964244773
26.676834017957724 0.011200874207653458 0.0033479452425799346 0.0033106817791335496
26.739603039176448 0.01120089773010555 0.0033479384262043873 0.003310679324829887
26.802372060395175 0.011200918989792785 0.0033479318194872512 0.00331067696705386
26.8651410816139 0.011200938372128502 0.0033479254244774847 0.0033106747552752004
26.927910102832623 0.011200958056691591 0.003347919242466943 0.00331067273462634
26.990679124051344 0.011200980414609244 0.003347913274600068 0.0033106709334003504
27.053448145270067 0.011201000842013817 0.003347907518768673 0.0033106693609978822
27.116217166488795 0.011201024859776143 0.0033479019712382373 0.0033106680116539227
27.17898618770752 0.011201051123400207 0.003347896625220783 0.00331066686966364
27.241755208926243 0.01120107641006182 0.0033478914710730993 0.0033106659153114225
27.304524230144963 0.011201106659274868 0.0033478864988356993 0.003310665128813859
27.367293251363687 0.011201139866726677 0.0033478816955579815 0.0033106644929264575
27.430062272582415 0.011201167440487356 0.003347877047498481 0.0033106639903295056
27.49283129380114 0.011201197890990644 0.0033478725389325696 0.0033106635989808165
27.555600315019863 0.011201233556887688 0.003347868155575147 0.0033106632958659933
27.61836933623859 0.011201265995435807 0.0033478638859341593 0.0033106630697541705
27.681138357457307 0.011201298726563875 0.003347859720679388 0.003310662911403491
27.743907378676035 0.011201331694441381 0.0033478556531377694 0.0033106627898785487
27.80667639989476 0.011201362822820173 0.0033478516782992516 0.00331066265791233
27.869445421113483 0.01120138986391768 0.003347847794096855 0.003310662480330569
27.93221444233221 0.011201418149074289 0.0033478440030559027 0.003310662259403398
27.994983463550927 0.011201442529569625 0.0033478403139180378 0.0033106620356660676
28.057752484769654 0.011201468145386332 0.0033478367350155518 0.003310661867208049
28.12052150598838 0.011201493191888475 0.003347833277975614 0.003310661806054676
28.183290527207102 0.011201519538271964 0.003347829951083966 0.003310661888338859
28.24605954842583 0.01120154722847686 0.003347826760878664 0.0033106621348255503
28.308828569644547 0.011201574741821894 0.0033478237090811985 0.003310662554742075
28.371597590863274 0.011201604168079013 0.003347820795422543 0.0033106631484709327
28.434366612082 0.011201631373054362 0.0033478180153246415 0.0033106639087089502
28.497135633300722 0.011201663049189443 0.0033478153629608585 0.0033106648197703424
28.55990465451945 0.011201698256676152 0.003347812829071155 0.0033106658618627756
28.622673675738167 0.011201737566551627 0.0033478104040710346 0.00331066700599236
28.685442696956894 0.011201757560065948 0.0033478080772921296 0.0033106682228414347
28.748211718175618 0.011201787439521627 0.00334780583778933 0.003310669482329667
28.810980739394342 0.011201842190258994 0.0033478036751722986 0.0033106707573125286
28.87374976061307 0.011201848670628333 0.0033478015812187074 0.0033106720255789233
28.936518781831793 0.011201898205274398 0.0033477995495081567 0.003310673274276677
28.999287803050514 0.011201926150755472 0.0033477975749209347 0.003310674505521227
29.062056824269238 0.011201972433358898 0.003347795660082813 0.00331067573965582
29.124825845487962 0.011201998640506855 0.003347793805075328 0.0033106770122676324
29.18759486670669 0.011202038548261878 0.003347792014088503 0.0033106783608071624
29.250363887925413 0.011202084367048866 0.003347790289430484 0.003310679808331644
29.313132909144134 0.01120211129545476 0.0033477886317432957 0.0033106813482082337
29.375901930362858 0.011202146685812254 0.0033477870400110523 0.0033106829422399455
29.438670951581585 0.011202180149565059 0.003347785512091871 0.0033106845402794357
29.50143997280031 0.011202209509522438 0.003347784048849356 0.003310686115870556
29.564208994019033 0.01120223747187433 0.003347782653777013 0.003310687683234583
29.626978015237757 0.01120226763188588 0.003347781332457927 0.0033106892794291247
29.689747036456478 0.011202299599546044 0.003347780090658392 0.003310690935585618
29.752516057675205 0.011202330334733154 0.0033477789331908384 0.003310692664970746
29.81528507889393 0.011202356190524888 0.003347777861779589 0.003310694466876757
29.878054100112653 0.011202388968768013 0.0033477768777723867 0.003310696335198731
29.94082312133138 0.011202421633350813 0.0033477759796704735 0.0033106982640847245
30.003592142550097 0.011202452970730662 0.003347775166621545 0.0033107002504629652
30.066361163768825 0.01120248402007497 0.0033477744364279935 0.0033107022944712026
30.12913018498755 0.011202517672719925 0.0033477737882057464 0.003310704399211102
30.191899206206273 0.011202551397351936 0.0033477732203673976 0.003310706569056336
30.254668227425 0.011202584506855184 0.003347772731964469 0.0033107088085289702
30.317437248643717 0.011202620568587817 0.0033477723220009296 0.003310711120101158
30.380206269862445 0.01120265349387831 0.0033477719899922933 0.0033107135034865028
30.44297529108117 0.011202687801532203 0.0033477717350574145 0.0033107159559427066
30.505744312299893 0.011202721723308317 0.003347771557898175 0.0033107184735421493
30.56851333351862 0.011202758049990314 0.0033477714586076708 0.0033107210542895156
30.631282354737337 0.011202794923591048 0.0033477714384998595 0.003310723697901906
30.694051375956064 0.011202833828760795 0.00334777149784551 0.0033107264077968457
30.75682039717479 0.011202871199605322 0.0033477716372491014 0.0033107291886589818
30.819589418393512 0.011202907841323745 0.003347771856440937 0.003310732044268339
30.88235843961224 0.011202949647831003 0.0033477721523455565 0.00331073497259464
30.945127460830964 0.011202989754749553 0.0033477725209078235 0.003310737961155686
31.007896482049684 0.011203025261883368 0.003347772956299253 0.0033107409859212756
31.07066550326841 0.011203062734792074 0.0033477734523734795 0.0033107440181481098
31.133434524487132 0.011203102732176359 0.003347774004741955 0.0033107470422636546
31.19620354570586 0.011203139114818936 0.003347774611506894 0.0033107500668556845
31.258972566924584 0.011203173631765026 0.0033477752739272826 0.0033107531179724864
31.321741588143304 0.0112032088183304 0.0033477759934970007 0.003310756221948429
