-7.0 0.0 0.0 0.0
-6.94375 0.0 0.0 0.0
-6.8875 0.0 0.0 0.0
-6.83125 0.0 0.0 0.0
-6.775 0.0 0.0 0.0
-6.71875 0.0 0.0 0.0
-6.6625 0.0 0.0 0.0
-6.60625 0.0 0.0 0.0
-6.55 0.0 0.0 0.0
-6.49375 0.0 0.0 0.0
-6.4375 0.0 0.0 0.0
-6.38125 0.0 0.0 0.0
-6.325 0.0 0.0 0.0
-6.26875 0.0 0.0 0.0
-6.2125 0.0 0.0 0.0
-6.15625 0.0 0.0 0.0
-6.1 0.0 0.0 0.0
-6.04375 0.0 0.0 0.0
-5.9875 0.0 0.0 0.0
-5.93125 0.0 0.0 0.0
-5.875 0.0 0.0 0.0
-5.81875 0.0 0.0 0.0
-5.7625 0.0 0.0 0.0
-5.70625 0.0 0.0 0.0
-5.65 0.0 0.0 0.0
-5.59375 0.0 0.0 0.0
-5.5375 0.0 0.0 0.0
-5.48125 0.0 0.0 0.0
-5.425 0.0 0.0 0.0
-5.36875 0.0 0.0 0.0
-5.3125 0.0 0.0 0.0
-5.25625 0.0 0.0 0.0
-5.2 0.0 0.0 0.0
-5.14375 0.0 0.0 0.0
-5.0875 0.0 0.0 0.0
-5.03125 0.0 0.0 0.0
-4.975 0.0 0.0 0.0
-4.918749999999999 0.0 0.0 0.0
-4.8625 0.0 0.0 0.0
-4.80625 0.0 0.0 0.0
-4.75 0.0 0.0 0.0
-4.69375 0.0 0.0 0.0
-4.637499999999999 0.0 0.0 0.0
-4.58125 0.0 0.0 0.0
-4.525 0.0 0.0 0.0
-4.46875 0.0 0.0 0.0
-4.4125 0.0 0.0 0.0
-4.356249999999999 0.0 0.0 0.0
-4.3 0.0 0.0 0.0
-4.24375 0.0 0.0 0.0
-4.1875 0.0 0.0 0.0
-4.13125 0.0 0.0 0.0
-4.074999999999999 0.0 0.0 0.0
-4.01875 0.0 0.0 0.0
-3.9625 0.0 0.0 0.0
-3.90625 0.0 0.0 0.0
-3.85 0.0 0.0 0.0
-3.7937499999999997 0.0 0.0 0.0
-3.7375 0.0 0.0 0.0
-3.68125 0.0 0.0 0.0
-3.625 0.0 0.0 0.0
-3.56875 0.0 0.0 0.0
-3.5124999999999997 0.0 0.0 0.0
-3.45625 0.0 0.0 0.0
-3.4 0.0 0.0 0.0
-3.34375 0.0 0.0 0.0
-3.2875 0.0 0.0 0.0
-3.2312499999999997 0.0 0.0 0.0
-3.175 0.0 0.0 0.0
-3.11875 0.0 0.0 0.0
-3.0625 0.0 0.0 0.0
-3.00625 0.0 0.0 0.0
-2.95 0.0 0.0 0.0
-2.89375 0.0 0.0 0.0
-2.8374999999999995 0.0 0.0 0.0
-2.78125 0.0 0.0 0.0
-2.7249999999999996 0.0 0.0 0.0
-2.66875 0.0 0.0 0.0
-2.6125 0.0 0.0 0.0
-2.5562499999999995 0.0 0.0 0.0
-2.5 0.0 0.0 0.0
-2.4437499999999996 0.0 0.0 0.0
-2.3875 0.0 0.0 0.0
-2.33125 0.0 0.0 0.0
-2.2749999999999995 0.0 0.0 0.0
-2.21875 0.0 0.0 0.0
-2.1624999999999996 0.0 0.0 0.0
-2.10625 0.0 0.0 0.0
-2.05 0.0 0.0 0.0
-1.9937499999999995 0.0 0.0 0.0
-1.9375 0.0 0.0 0.0
-1.8812499999999996 0.0 0.0 0.0
-1.8250000000000002 0.0 0.0 0.0
-1.7687499999999998 0.0 0.0 0.0
-1.7124999999999995 0.0 0.0 0.0
-1.65625 0.0 0.0 0.0
-1.5999999999999996 0.0 0.0 0.0
-1.5437500000000002 0.0 0.0 0.0
-1.4874999999999998 0.0 0.0 0.0
-1.4312499999999995 0.0 0.0 0.0
-1.375 0.0 0.0 0.0
-1.3187499999999996 0.0 0.0 0.0
-1.2625000000000002 0.0 0.0 0.0
-1.2062499999999998 0.0 0.0 0.0
-1.1499999999999995 0.0 0.0 0.0
-1.09375 0.0 0.0 0.0
-1.0374999999999996 0.0 0.0 0.0
-0.9812500000000002 0.0 0.0 0.0
-0.9249999999999998 0.0 0.0 0.0
-0.8687499999999995 0.0 0.0 0.0
-0.8125 0.0 0.0 0.0
-0.7562499999999996 0.0 0.0 0.0
-0.7000000000000002 0.0 0.0 0.0
-0.6437499999999998 0.0 0.0 0.0
-0.5874999999999995 0.0 0.0 0.0
-0.53125 0.0 0.0 0.0
-0.47499999999999964 0.0 0.0 0.0
-0.4187500000000002 0.0 0.0 0.0
-0.3624999999999998 0.0 0.0 0.0
-0.30624999999999947 0.0 0.0 0.0
-0.25 0.0 0.0 0.0
-0.19374999999999964 0.0 0.0 0.0
-0.13750000000000018 0.0 0.0 0.0
-0.08124999999999982 0.0 0.0 0.0
-0.024999999999999467 0.0 0.0 0.0
0.03125 0.0 0.0 0.0
0.08750000000000036 0.0 0.0 0.0
0.14374999999999982 0.0 0.0 0.0
0.20000000000000018 0.0 0.0 0.0
0.25625000000000053 0.0 0.0 0.0
0.3125 0.0 0.0 0.0
0.36875000000000036 0.0 0.0 0.0
0.4249999999999998 0.0 0.0 0.0
0.4812500000000002 0.0 0.0 0.0
0.5375000000000005 0.0 0.0 0.0
0.59375 0.0 0.0 0.0
0.6500000000000004 0.0 0.0 0.0
0.7062499999999998 0.0 0.0 0.0
0.7625000000000002 0.0 0.0 0.0
0.8187500000000005 0.0 0.0 0.0
0.875 0.0 0.0 0.0
0.9312500000000004 0.0 0.0 0.0
0.9874999999999998 0.0 0.0 0.0
1.043750000000001 0.0 0.0 0.0
1.0999999999999996 0.0 0.0 0.0
1.15625 0.0 0.0 0.0
1.2125000000000004 0.0 0.0 0.0
1.2687500000000007 0.0 0.0 0.0
1.325000000000001 0.0 0.0 0.0
1.3812499999999996 0.0 0.0 0.0
1.4375 0.0 0.0 0.0
1.4937500000000004 0.0 0.0 0.0
1.5500000000000007 0.0 0.0 0.0
1.606250000000001 0.0 0.0 0.0
1.6624999999999996 0.0 0.0 0.0
1.71875 0.0 0.0 0.0
1.7750000000000004 0.0 0.0 0.0
1.8312500000000007 0.0 0.0 0.0
1.887500000000001 0.0 0.0 0.0
1.9437499999999996 0.0 0.0 0.0
2.0 0.0 0.0 0.0
